8
16
8372
6360
15585
17133
15656
47928
37061
60204
3497
3607
57668
1356
699
49568
10828
24633
2932
68453
15649
67481
5010
64429
13590
14084
80477
6585
35832
31
56779
40562
400
39641
2065
444
19455
852
9469
50904
69
6955
18775
1815
19215
10891
17714
1769
3188
39404
18308
4991
72832
65186
53774
4589
66570
2530
39480
50682
30982
4357
27057
12568
197
3218
5107
68551
13553
8153
51859
73335
58876
8003
31538
9765
16355
46433
77684
7564
214
211
19583
42578
94561
13668
47375
14467
61278
7519
61183
20510
43452
13063
30801
40131
15483
32781
37640
11723
45525
31774
6265
1840
16369
41799
34817
13204
32986
54592
59254
57232
76813
6100
54791
3202
11206
1501
68233
11562
1153
38491
5719
66520
7242
20124
34151
22043
6072
2076
14986
7893
64471
41951
485
64168
11240
36211
3386
11437
8939
28246
89859
13003
37077
3453
50356
63371
42793
3314
37572
22039
13936
3426
13468
37631
39928
10529
7955
66558
26771
55683
22792
57093
9604
35046
1111
44242
28569
1359
1144
28840
19177
32420
20056
893
49537
38651
960
69627
884
32844
2939
21408
42942
10836
5679
31753
45010
1024
408
32397
39616
17614
17479
15339
26223
56447
51542
24236
9004
16280
1422
41485
22426
24883
6323
15419
36496
17967
5447
58234
26089
8029
32978
38236
9618
1748
2830
10286
6236
5875
707
1194
32109
4933
2134
48398
56368
3413
85691
3979
15603
5461
204
226
28094
51869
8793
10760
38432
34798
8275
70364
2014
7802
23407
7654
47984
51297
30088
21263
451
612
31493
1412
44210
8698
64019
4109
1639
12307
22925
9267
59383
10331
1111
11538
48417
15788
12784
56619
9641
4065
4432
37161
15694
9158
34975
32490
34626
32680
7934
55854
19610
24371
71855
39000
126
45405
10129
29272
12040
30794
13854
62993
35087
42665
16298
85765
5357
21197
6467
6495
475
983
23310
17204
10917
3526
18457
5529
20148
22372
17210
41757
6548
58492
6560
4318
52630
10222
6875
23902
59064
4459
5424
11013
9986
73435
8795
1761
19876
46426
22154
61431
49534
33525
72377
5894
11293
45256
18752
31406
63931
39432
1874
6612
23995
5580
2939
4400
7376
14921
19103
5714
3493
43521
2113
1952
48438
6897
56817
2218
35945
35683
8618
30304
53064
6021
28501
13984
21176
6752
3544
7854
32501
50634
42200
14911
12153
19671
4391
17669
951
15638
6579
17792
17865
28405
49629
70523
43082
44980
18002
38907
9145
2765
12575
26160
20735
36752
15979
3226
28266
21344
21004
1680
8696
6971
3878
6084
34142
59876
46771
9179
39176
47249
9631
10712
63102
50614
67094
15677
27702
28719
45680
3143
3952
17078
11043
82270
11012
308
238
4607
63583
19349
48641
532
61405
28262
20234
12816
11936
67788
12275
45150
63898
8107
4025
7560
47960
9363
6052
3195
4813
8519
48785
21029
40609
50539
69385
25037
25117
79753
1206
31789
79432
10021
7592
26068
67830
8937
2875
10515
5908
79335
6678
22034
18473
14216
13590
1486
59865
38850
2516
54063
4533
24727
74380
17173
39989
20240
4719
2866
4969
7372
73835
3488
10200
5647
60182
50043
32466
41976
38385
20475
26064
36776
24358
8651
52107
30233
646
50050
59799
49513
141
12128
15463
4166
5177
71958
6599
77297
5505
8964
43427
327
1435
15493
25423
29225
2464
67815
75915
2785
28448
23648
57364
1350
593
492
508
5695
24572
27979
68448
23863
1386
4265
74869
57029
61953
57224
19358
38477
12382
22130
20508
1085
1727
43386
12514
7483
24439
18333
49107
11868
24863
21726
23312
62462
12418
4724
34396
7253
2958
4513
9237
28467
35001
69661
37400
9244
40515
38246
22552
50526
21120
24715
42516
5828
45524
3554
40231
1354
19786
40780
6075
5676
15322
25990
14570
24914
4709
1403
8258
1318
17486
44187
22844
30784
27
6472
46059
5415
4601
21444
49144
43155
15124
27049
24350
47887
9601
24619
23967
16410
9683
1763
31091
5504
2584
13127
16
17367
20104
338
74137
2395
36698
13580
14001
17286
17201
590
1707
46540
36908
14829
52576
2417
12478
21246
33597
54998
2589
21168
16888
15104
1790
359
5685
98243
2103
15974
19951
83239
358
47852
19823
63052
7843
22722
4750
6943
9146
3085
38848
6656
41444
45376
53557
16630
69978
3654
13615
28063
298
30939
43657
43329
16428
40817
12412
16567
7766
42235
13887
49201
41237
54654
36918
34170
70749
27164
4695
8858
3611
23640
19896
67697
13149
2116
28862
17637
70386
17186
25
8108
5249
63786
2963
26337
2011
16392
52705
3375
26187
89219
34573
5699
14617
1485
1607
27606
40822
45849
30499
8666
35332
55661
2575
27169
793
16583
32766
14479
49862
10719
84285
2225
69236
14696
7497
36680
20517
61522
24827
1620
27335
2960
21915
943
11436
14231
1323
9546
32142
40141
13153
76132
14957
27851
24359
2649
5492
24586
26674
1225
3419
24280
21629
13209
945
1708
18824
616
22352
42898
24425
52044
13833
18396
93736
22509
15380
11324
57484
40368
51320
46237
23440
71524
30061
5558
55426
13384
22668
17906
1673
22379
7246
17284
37622
87337
48026
1235
1056
90388
43719
63513
2521
42581
54303
2047
26932
51903
27595
952
12267
12180
12668
11910
19717
10340
200
7010
65797
5310
8075
22439
11882
20934
20126
16679
45234
34470
2121
1859
313
42710
7055
61479
36208
32811
74812
932
8016
668
41407
1891
55492
5088
3373
31788
49016
34469
33373
89377
13133
54175
28543
57506
14649
1990
47095
2003
15505
5633
31287
29284
3795
22290
30454
29254
12677
6716
29811
49219
20866
27765
32150
1156
17164
51694
13020
7966
7299
3275
12546
14540
24267
36456
50673
23130
2464
12451
37793
33779
3318
13798
12031
7088
37327
33492
4806
44411
14299
52715
4334
23508
70301
9766
21851
3
64091
31639
40399
45406
3231
71073
13204
1781
47725
17287
29747
14593
63674
13183
62377
1538
14041
34464
293
20521
6925
4689
16952
34296
61090
37397
4848
73229
10473
8172
953
13112
12804
49487
12255
20444
3517
35328
11542
716
1472
2511
29284
3718
81718
34478
21659
48465
14725
21239
36762
41283
23519
13930
77893
34965
280
10256
1159
2228
5782
15228
15376
318
32924
64199
40432
5565
2585
47624
12325
8938
35336
20995
31296
14477
32021
37316
38019
11386
12970
4118
2197
62916
14628
40530
5243
14479
18988
16021
151
11589
7921
5872
145
6020
22956
76034
15908
19972
13768
35837
26529
42050
29123
12760
26042
38926
6486
15011
22069
25883
96573
3800
18034
24345
20743
67718
1138
6888
919
31087
2293
41601
24851
60764
9724
16668
9482
3995
5358
8052
40311
1105
91046
6266
3409
45129
6998
31379
2768
11897
1293
2408
29416
43771
1653
13113
2879
48388
3298
52605
65915
3586
29296
39546
6476
52469
3159
14137
970
33309
59462
8328
55989
4807
3855
7041
32191
8924
9180
5553
33801
34364
72794
7711
48428
17877
62558
17053
9556
21865
20923
99087
21297
48796
64337
52277
35359
59596
79181
22404
1000
28136
4557
1188
2559
54136
19117
9605
8772
14484
79659
7562
13794
117
3736
9353
21008
65343
6854
31163
23726
4057
3425
6755
43564
56483
75962
17960
27490
20310
3613
22811
45350
64262
1850
14426
65282
12822
41001
41349
1250
15343
40120
4164
5207
9659
37788
13515
2033
59297
23170
723
5558
11602
9798
31309
8523
23898
24702
2804
1783
39150
14221
1594
38260
889
30733
7701
3556
7036
591
29813
56734
37649
6125
75974
12216
46786
2838
6545
55095
6133
48231
461
26348
1190
48647
19080
1409
34079
17556
34358
14374
9461
302
26061
37809
3274
86240
80374
9847
722
6388
39063
14033
14823
42451
3920
18478
23530
11147
23946
36986
19581
824
6976
8087
10191
22443
20353
3418
21052
42138
49438
10136
9768
14563
16301
36374
7022
58461
43319
9715
0
27244
1655
8418
12036
41582
18932
18012
50409
7977
46344
2748
5383
45055
16988
7194
571
8939
17331
12759
48524
20124
1904
2408
46112
17969
755
19003
43207
27494
41549
20103
40092
30550
2910
32450
1524
33428
4235
87
4363
32429
10346
15346
55819
11900
47872
3289
47680
10719
29327
49494
20455
60347
25875
58537
76722
4870
12519
24038
23744
10308
1320
1315
14795
34003
18150
854
1785
13033
1107
9524
14670
89823
573
1358
1005
25158
58109
9127
2958
2595
17285
22911
17565
55469
36585
5001
3827
46872
40454
39126
33120
34919
20706
11070
45582
1995
10328
59345
2748
24314
153
20441
23591
53958
9954
28239
5663
1381
81279
32013
51856
46640
2071
26148
15515
62267
66567
2010
9317
6273
20101
984
64039
3650
35850
61490
16609
15720
10447
52147
62942
37264
54548
934
189
9935
74103
43763
29100
44703
16845
4385
26830
11709
45
427
736
81810
6992
15055
17528
51750
53042
13315
8534
15597
42981
67213
42276
7604
27144
87150
93321
5349
30882
1443
4963
11937
2321
14036
13657
6487
60872
7019
4453
10467
72857
29920
12491
34308
1075
3937
51732
6762
34480
29404
32969
6160
8725
532
3198
1315
45816
21570
1332
37286
30280
14411
50906
59928
27489
22099
45706
8983
2890
41015
14133
27677
10880
50575
10406
1245
4052
4341
51195
337
28890
31468
25757
38640
41695
29192
9586
13619
67565
14151
36144
32993
28149
179
52553
16774
2768
14328
22105
34118
27827
27264
5989
32541
1338
38968
50512
57902
24335
72178
56687
14027
9968
7084
19440
30362
94817
32594
9413
20976
2453
39055
15042
30676
9664
6371
79722
50576
1728
5532
31839
3532
82517
51261
5432
42823
502
77256
22907
19956
73409
28055
31840
69235
5914
1742
41894
8431
12669
10079
9785
83230
1546
34307
63693
7645
594
27113
225
1217
40460
2365
13896
38176
38454
12505
4475
15452
19339
5501
16327
33598
14776
769
4650
27108
3244
3601
69533
2331
22111
18064
31556
504
2082
53565
27963
34016
3579
11129
56228
36370
22252
2705
48094
50494
2886
29015
4487
25170
76184
8876
8391
17651
4999
6416
21936
54378
14978
19079
4168
668
19312
8536
11945
5630
32172
5593
7495
23646
2875
62295
4749
5645
14241
3370
77249
32690
59613
32283
2311
12562
11629
39336
3250
15992
22511
2055
11132
3900
63961
2362
1043
12132
31638
35192
65094
24517
26489
17895
34605
41509
7157
2841
14419
142
25942
39394
19357
18166
33623
13008
16529
8407
6768
45246
12578
15945
393
68827
2986
45397
468
13961
3081
40935
42504
26032
3590
43086
14540
1543
38110
5289
7654
28334
37124
71565
67003
15914
2404
72984
13684
32920
33666
29983
56676
22835
14819
40412
10046
2763
50671
17075
2566
14888
54052
31106
30065
57889
12388
3601
73482
2085
520
4014
61559
51829
1422
82172
268
4423
19072
2059
14320
35839
12711
17276
62099
8915
69619
64119
56459
7469
11916
1815
71463
15052
5128
77133
55876
7485
10714
30641
23769
50160
12587
53329
11292
39973
70744
11683
33868
2708
4934
1452
67993
2090
17511
52
94108
50198
52016
12380
2033
3420
21359
3241
17392
10674
17428
5439
25897
4574
15342
17029
10283
5390
47198
29171
44484
5166
22714
7971
1170
34856
23452
17885
15547
15882
63792
37495
35951
36515
27639
17858
4416
24495
17224
28698
36572
2300
20208
50631
54449
21094
63301
4197
11658
81720
1518
8368
35
11039
15800
7754
10446
59002
7310
59282
15871
39175
15931
12075
79301
34980
11545
13114
7663
46576
2083
1812
46684
3459
3030
12503
64327
7587
4969
40655
37746
75615
2362
15279
2307
7999
5892
15466
13058
7516
22688
21734
37260
9261
11725
18805
278
9273
9489
56485
10623
10354
22325
51198
2802
18194
6048
417
477
18122
46090
6439
21455
16101
17221
2993
16574
3317
39355
3318
8177
63430
13820
76761
57496
34004
1343
10904
1194
33266
12423
1654
372
21469
71068
47910
40252
39967
21879
2293
3758
35048
13546
51996
16450
192
36668
32981
33628
16152
49895
4706
18517
19637
34328
36212
3975
1725
20664
81781
24896
1372
17351
43435
29816
30682
7882
37376
310
42585
18923
8133
21878
17512
12353
61462
17746
74048
5635
27426
6703
2182
1206
28844
4186
2285
333
6003
27823
54540
7815
10226
1311
3200
67061
12201
2340
56909
10207
43591
7531
23355
11565
17257
10538
9853
20197
49332
46827
553
64204
3388
50543
370
5953
15478
9112
16203
21244
41705
8765
18345
16979
20117
61008
1843
29143
176
7289
37012
1849
23085
6104
33472
1303
26217
40934
22110
19999
61208
78732
20930
58203
16611
8535
75912
17019
52469
53895
8375
49517
3164
25835
81177
20924
44125
43122
89
11217
3427
10841
55085
14555
9721
24978
2629
22551
823
8730
433
8684
18021
23032
57761
54814
17383
45077
8971
547
1392
46770
23067
17762
97203
18813
38361
78275
41551
28792
1325
14767
30790
24485
13212
6
18776
13415
705
27186
19857
5287
35060
11563
45660
8848
26147
449
38009
19771
51747
11089
20734
25622
24478
4224
31975
47389
54869
28604
13240
26260
1783
2032
49246
2110
24135
134
20791
136
1562
9036
67329
57171
20619
75281
73298
3788
17170
4909
40472
22683
81254
53199
4074
48785
753
33727
12331
10444
18476
28440
50215
5251
24945
52899
17537
9739
12587
5436
32205
7367
4787
59093
13402
8724
21696
53172
63464
78281
1074
619
87528
40237
31927
5320
46978
20442
65673
23704
19846
7275
71155
46004
39368
30423
63185
5879
10122
3296
9439
20176
19272
24314
16105
3303
4647
18765
7512
31872
2531
42044
4778
63326
1583
21448
39569
13313
11265
39692
23094
11878
68301
17748
13063
44314
37452
620
66012
49828
620
55614
16089
20678
26696
9388
47210
5928
570
24984
9722
28122
8748
94174
48281
367
4560
73774
5923
2335
35074
10892
21400
70723
65071
53178
19021
47861
6768
14302
91947
18779
35165
797
12338
19737
7445
6619
10516
484
18427
6443
36853
15120
17734
3990
1190
530
20077
2375
18878
1292
12674
28764
28212
25948
12704
5241
5144
120
201
11401
35633
1446
20289
42677
271
399
33630
18387
13134
8600
92325
32472
10084
40433
81407
13130
7155
4353
11791
17981
1061
19492
25829
10967
1221
78312
14699
50043
17111
34379
10592
9808
13106
4674
12729
4147
8389
18407
23906
18027
5528
82337
85153
93475
29681
35382
15145
5447
20144
33001
3278
29754
14588
4639
14450
1734
1661
18017
10404
28184
24546
84213
13384
30603
18851
67457
31467
2215
28868
5277
17577
5552
527
24885
33368
18599
35564
23746
43837
22429
42368
25298
4015
11992
3639
1719
30106
14575
1028
10977
26020
1700
82620
44116
48550
2324
10327
30046
1842
5438
12025
4593
27254
35632
4916
54132
7928
25322
3446
68718
5400
41538
33350
16599
3759
69892
19457
12220
3592
13057
61741
2388
18
26468
57770
9844
48694
55526
31563
31169
49284
27647
11548
22226
47402
54934
7549
8857
12643
35065
36888
165
1573
16273
11579
45089
19160
8619
41635
16150
18964
13278
7335
11759
6902
47258
5002
13703
75641
21696
30809
45962
31704
29107
17425
183
21745
30257
52860
47340
41611
7119
25499
65246
9458
2150
940
24937
63548
33728
5940
38856
36926
54865
810
4150
6730
62512
51336
8971
9696
9452
7747
15937
6503
27900
8434
20028
94486
55693
51833
67117
11595
30584
44165
11268
7375
4697
22591
46461
33715
1919
4637
18665
61067
59019
33526
22568
20861
72407
83000
37902
34509
11656
790
59144
21933
23171
5471
78586
85044
10406
6112
37202
12872
2018
10308
48240
33206
28074
57501
5801
67475
34711
27467
54536
1943
42113
8686
11696
62665
4277
2762
2885
11288
14566
57841
34971
9362
8611
19846
29820
26757
2787
56158
7402
24241
12699
36179
39141
2774
5255
11200
4983
31321
6804
41789
1732
36284
35127
3874
60581
77064
327
9858
42744
15773
3778
44932
54464
32693
15529
4874
47392
20778
40253
60345
4095
57270
74332
21256
22710
12420
7312
40798
55333
6744
7601
39340
1988
6395
71803
20257
1660
23064
71267
13722
8868
54657
3190
45
18878
10630
25893
50
14872
61020
32139
64652
693
48424
1834
30753
34391
41214
16355
12761
18498
12790
10889
32665
31491
13662
9816
2338
13548
62700
91056
65910
837
12943
4476
16108
22831
79421
9207
7013
44340
18342
6543
48764
62426
736
7955
11857
4370
63014
42361
39389
187
16052
47968
64688
40360
41851
39726
16549
24985
822
45669
6093
78394
73916
32315
7620
1543
827
1568
732
9819
13515
6533
55566
11919
12061
66090
1534
18790
5800
25688
67987
60928
3957
2667
1106
91153
6113
3658
13721
3591
23563
40232
17899
44549
62149
5023
7848
52913
4002
34348
18219
10210
33822
491
36558
55905
421
229
75071
6170
2197
38808
11809
45609
1539
13232
37489
72766
28945
3175
3766
7268
23150
27705
64320
29828
44754
7949
30437
11847
64810
30556
39002
5290
5676
2584
20999
47637
17043
7540
35483
9345
10218
76479
635
17009
17510
56086
4250
3851
61344
16979
41836
1028
12635
45840
33256
129
1228
35513
63396
32510
52093
47311
92930
8604
60312
3390
6032
801
12371
56740
13811
90001
6197
22913
68752
2462
6461
40984
32068
7284
5225
61762
23966
55325
34616
1850
14363
11784
12078
20419
23726
8556
29838
54496
21713
768
9057
6519
17106
85995
52362
51918
4888
28616
30323
2325
25352
70728
89184
4517
21174
10793
15032
4011
2723
6163
7350
41543
60445
1739
12772
36058
17876
7737
6325
9361
1409
55023
25004
0
19173
19672
27979
1681
34811
72320
9037
68693
7163
25221
30607
88
60662
8442
1498
22422
5015
4285
1083
4370
27032
20139
45367
56602
31361
6793
650
20558
13773
2667
3347
23249
13998
38296
75754
33184
6726
1018
20474
36463
21403
19547
3981
4181
17693
2518
19422
65358
5643
33960
10651
14787
33036
27097
2265
8770
19896
69086
29928
9677
3474
8106
308
7768
1842
2290
60221
9823
3175
35368
33091
43071
67216
2066
462
10937
30442
36195
550
1578
8802
1292
86311
19211
19695
74745
830
12447
32
15262
433
14957
14879
59193
5749
38966
28365
2695
5746
34232
22320
17968
96001
90833
12744
11311
9466
26651
22536
7678
36116
5622
10472
43274
36958
18147
25876
25321
45474
40002
40162
14006
10200
4014
10339
1481
5673
20948
1619
4273
1349
14286
57263
55598
55618
25717
74125
22407
13170
24222
16062
20285
7788
19822
2962
37854
65207
52510
10762
3881
837
20074
9571
18129
24618
47940
23363
18963
33322
50035
54068
8192
36177
5050
4932
69316
15785
33254
13676
43934
39537
25312
7257
34309
14029
19660
40188
81113
43796
72342
31520
42394
6603
10380
3596
27893
18605
50780
11008
25559
49685
37259
5861
42095
10414
81933
38171
337
23806
496
18283
14239
21337
390
28809
32652
41863
55003
63
50630
50153
49877
41333
4829
56937
26748
12211
27482
10061
41318
7553
28110
3161
45258
29754
2988
72551
10095
7930
20305
2586
45024
34197
15814
5455
3715
4737
45585
5295
43810
17026
20370
7075
14885
56219
7844
10244
7571
1049
1291
26995
51274
30134
6196
74
14456
2991
5712
48115
7755
507
38461
43337
16336
8502
14664
39614
62676
15834
11082
809
60010
5291
13348
22429
4168
16329
2661
12779
30213
12902
30293
9016
7990
4571
19795
17561
2077
10639
761
18351
4254
7352
40924
31673
8679
15175
47618
16905
81484
41454
1123
15073
39638
21747
55983
74161
41548
9659
3803
2888
27261
12524
3439
5960
42397
1915
35315
17080
7555
27139
28988
21824
10365
77951
6501
3883
27465
19518
22489
24230
868
70649
83462
156
21551
15055
2461
32948
27862
67491
35879
34198
9383
12661
27688
35889
11452
28639
15767
48401
73908
80000
1684
15100
14461
16784
69362
28812
16226
54871
29467
4583
6301
44624
70865
3193
11324
23541
6460
25663
18151
1183
11232
35633
5075
64275
17490
23501
14046
20441
91121
12925
608
14396
12029
2273
26399
5734
76311
13617
11115
3442
37015
23940
1312
773
42941
63268
19948
63967
2459
16557
9569
7833
447
17144
28950
38003
1598
16658
1104
49403
26648
21750
64249
44121
18493
37589
6874
50250
50033
5991
10025
37599
60815
25158
78491
69843
7163
7863
83492
91861
46199
19976
13125
27276
955
159
21835
4890
21493
22366
23694
83003
11952
226
2548
13112
1869
47001
64515
11275
220
5134
6349
34576
12720
5257
1244
37453
33556
20022
6173
38323
45334
8981
9009
16838
20617
76748
47322
3667
18794
36882
54208
63604
11907
71826
6021
38146
26330
607
44430
1561
18314
4858
3333
15997
22025
37509
16413
15086
15585
10198
4737
10248
83260
3144
9002
6097
18754
29793
35569
60841
31751
17199
41124
62300
28158
8814
25721
39331
7012
1154
16433
10307
11278
8200
4418
47280
14736
29524
49055
14816
43073
37769
8231
34414
55043
2414
11185
2779
57824
12881
51153
36974
13280
60263
34998
8964
3124
7702
3796
55378
41860
66497
28798
21111
74298
7368
2617
7727
4942
48112
31007
218
2366
21311
15663
63739
473
21738
494
7273
41937
16582
750
19327
22439
31013
9154
17478
11555
57449
10019
1222
2996
6257
75332
20533
69
22240
47139
16361
34846
35122
376
68293
7233
10126
44208
86343
6915
57639
7127
3156
3064
80
72064
15737
34047
40908
24653
2745
16647
5494
15952
5
31547
2483
2786
116
75650
21572
34405
8014
55758
15560
61472
4420
25202
7647
2300
43237
32120
46453
17500
24992
84167
27921
11661
5577
20055
633
9200
16406
33098
5646
16121
65158
37311
15129
35957
50215
66081
7760
43502
37220
2409
7590
26767
2895
5118
65
23621
10194
54866
17065
3211
33877
4482
33123
84808
153
10654
5950
19185
5554
26588
1791
38688
49954
5909
730
131
15194
12050
11965
59043
2126
12596
50384
69133
23071
8374
6858
70104
15679
39764
13088
60598
28786
10517
3092
10785
40770
955
3375
6747
64670
8093
51074
39886
42580
6423
21690
37298
36225
6897
11855
30
89364
20666
9271
36279
8470
15342
9743
54849
14238
20491
29420
59755
3194
78647
13812
41235
1909
47300
30814
17334
1533
9009
18
61316
29927
30691
4637
31816
28277
77577
10965
50765
19198
5818
4196
85768
16088
39213
39262
2531
11291
15492
289
5257
8780
37383
2125
2155
89917
22903
1339
12004
15653
53386
27147
25838
34515
73151
86450
29721
44295
27494
24599
18784
74578
10946
88741
34522
4161
31030
23848
16705
57601
5023
5001
28644
9525
78384
52423
74846
14258
55534
45227
3036
45954
82169
20210
24607
8612
51402
27754
20491
53965
2840
54120
47357
23660
14831
31896
6111
37773
7415
13175
8737
74391
37357
58295
43829
14917
79864
8955
1585
1063
71527
19119
7819
463
47506
22242
28972
21278
15891
23067
23419
16115
33050
11278
14432
22757
23030
38947
3847
69127
11646
2512
5115
21619
7739
5877
66435
4990
9717
2211
61527
909
3392
360
28251
6238
28118
27055
85998
41611
46215
30939
61724
6842
16680
3093
1052
40571
42445
12095
87663
13048
5249
20246
29006
15927
1368
17932
11809
18893
2259
13069
42706
19054
63803
20613
41124
46400
227
49305
12071
758
38324
6143
21230
63276
14475
2575
15567
823
75929
58
16393
3031
71355
14820
6092
13228
7438
2723
3488
3070
4950
24536
44603
14541
60573
17144
5396
1977
74213
4830
21618
10871
22349
70615
1915
6800
1478
9792
26241
12122
27517
2842
53047
5814
40
38980
967
11468
960
42298
9984
185
946
30477
506
31947
75720
3786
14650
2410
36100
35
35500
55045
60677
42473
8514
21621
4079
31821
1236
24983
12342
42056
1474
4134
5580
42113
8629
58087
64899
13867
5197
237
52030
52379
50612
4143
29323
12934
50562
52169
22793
16796
20290
12535
13113
7418
17587
3725
4892
29308
28245
62817
39077
39837
40943
52788
6412
47174
70
14
41327
11086
25365
35230
63
58560
69913
25444
258
5216
10521
12834
72176
19889
6622
40994
22141
2203
37303
9049
53929
13691
80195
6474
84576
59294
2568
11088
34796
68718
9470
41034
25026
17636
39632
9351
45970
17350
36581
3187
31669
6746
43338
4946
9742
23571
59845
22208
22583
16541
5208
30848
9529
94033
13582
22045
17939
17990
74309
37567
17438
20850
48624
31486
5936
27881
2005
40479
3116
31876
66365
215
2425
19414
34397
63805
2898
27849
70985
34707
61053
23335
2490
5588
8376
38566
51794
8384
38848
12191
23324
4117
8547
50155
4432
5385
52976
25552
6675
70809
5909
268
12099
33566
51771
38542
61497
24080
40559
27131
4510
7952
30970
15383
34805
47767
9219
8468
7629
30170
45742
33926
48841
16146
751
6662
3910
814
17079
11885
83626
27167
30997
13125
5176
19102
53883
44450
26605
32507
18304
55845
13994
45818
7671
86093
53836
78817
11410
3145
27349
20112
16654
420
32043
59803
15272
58718
13025
46925
27786
31813
29994
12324
2183
1916
34195
8468
58623
15509
1509
42818
15821
31384
35640
10550
31582
2725
88408
40835
2553
844
4361
957
5576
53513
67429
28716
16680
3579
33097
19494
17830
788
6203
8742
33826
31196
3784
22527
519
6571
5430
9573
44165
25455
2747
77311
11275
1920
6719
1341
5714
7676
22942
80005
5642
40924
4275
10387
3283
33527
8463
26221
10192
10613
54418
88347
34470
7291
10365
9077
41645
43244
1790
53512
41295
12493
17857
2838
69462
34801
8282
22928
43419
9474
13245
37738
36390
40716
8535
25364
17177
39831
16377
919
4624
5117
4742
2931
46013
60267
64052
34221
19183
21790
1521
4537
32748
10776
2956
14443
40656
20797
50711
19236
8500
22930
34432
20484
32495
30733
52454
15
7287
6722
41504
310
62417
29294
38650
22925
52060
42133
54321
73979
32319
14327
2173
24628
57472
61003
61830
22678
18480
11039
7926
18979
7046
36701
66177
2133
61522
29694
70919
19019
1681
7425
16468
5291
30986
5202
24315
552
13473
68752
43370
1505
30921
6015
24908
12042
7605
46934
17852
46318
3087
20018
20462
54344
22462
83944
835
16563
43699
421
2087
10898
1354
14783
1279
14225
8383
3565
13680
39031
190
6048
53645
47982
32391
852
18909
42426
3714
38094
9877
14490
2661
13789
33885
61544
5820
36324
8064
19774
3908
52049
269
17873
1519
14981
26116
48356
84281
5446
4092
43954
33855
43401
42831
62263
33515
4231
11921
32810
20602
295
47756
4371
6070
6821
64587
34059
32164
2708
74148
35345
10734
54759
5220
24247
69188
45023
29422
29748
43476
5883
20132
28943
16788
67077
2125
73456
1453
25374
3887
681
5125
8726
17359
259
41659
15770
36711
39590
12945
1344
86034
7164
3351
21557
21225
78960
26499
34843
15507
839
9276
3074
41405
6758
46327
6582
24079
7112
61631
15365
68419
7712
17604
403
1134
26619
18950
15606
29989
404
14871
7022
19707
24614
18790
33980
22641
4201
10460
7542
8665
17819
74703
964
0
6123
1371
5577
20997
23464
70485
41659
67561
3452
64143
1498
3936
3574
10896
4133
43544
34105
31274
558
30528
23676
8189
12514
2908
50048
48555
14314
59878
21253
22103
4123
9991
41434
43079
3410
84298
34941
4466
18439
57612
56811
2635
4222
40715
8375
5360
19586
50
23216
4529
1599
21017
66249
64122
60948
33377
64371
13964
57050
6998
53626
11945
3292
8930
17246
13337
12586
55998
45816
1331
4517
13609
1830
37253
50210
3267
44110
20669
3881
8201
2108
26741
1066
5707
16582
68082
10949
26393
85444
59168
1602
4092
15447
33811
13823
36050
1097
13348
74299
4255
2842
908
19687
76769
23608
84777
12098
172
35313
15480
25721
53938
5582
13229
47852
22012
37214
33422
5256
2394
39070
14333
4717
39614
2577
36391
32580
16680
606
11330
12300
13237
3828
1606
19407
45936
5276
77935
16113
13850
18218
8358
6177
50603
18336
37891
5643
33131
8632
25720
5087
30183
58931
31508
24475
47141
31876
28410
651
31084
47524
46075
50681
23395
2038
13116
20569
6504
6487
8107
13036
46958
23130
25832
3471
5474
62296
35391
1035
968
22364
2417
2214
6359
23895
13791
42450
32280
32076
10195
69398
3997
82207
70810
153
3890
32250
22666
10973
37182
41083
66557
24718
24060
6138
70741
49066
4172
35458
19182
11171
45673
9282
51449
7403
61084
59805
39181
14050
22169
12511
10093
71906
38275
3591
40656
51231
3524
9004
1694
13823
37842
38566
63380
25595
354
21061
20597
18193
472
807
28415
8337
2823
15436
40031
299
11366
1565
47722
8559
19622
7040
10422
22145
47193
15897
6473
7114
45201
40506
9284
79646
2316
6142
4222
36616
42638
16626
4145
16506
48734
12266
11885
4092
15384
3889
36724
13014
26259
70018
24280
23495
3258
1188
20188
67736
24314
13800
16742
4424
19244
5765
4631
13193
2146
50189
12504
9181
50372
9588
44516
13737
35706
566
33757
29470
42017
27097
25776
990
55977
20766
74355
17829
94410
33515
23868
31153
33175
32415
1733
34824
50387
29924
61018
45063
25473
13010
40277
10931
57759
35083
18348
13942
3638
11824
56504
16600
10762
1741
52856
97226
20403
11615
31113
14171
60387
12895
72605
14964
17716
56634
68114
20350
72744
30516
33381
6799
553
42128
33089
29782
33476
25198
69763
25278
36005
5205
64146
9609
9408
26561
16639
21830
64680
29521
47822
34712
14614
7083
14961
1950
27173
11334
3248
27177
30606
40254
28126
48422
3131
28827
42317
145
62038
28860
57293
49377
5502
14874
23675
34717
16733
4953
4727
59441
24754
21735
5438
24680
14124
1822
21315
45217
21300
8664
7418
57671
16680
13893
23939
4552
6859
28763
25264
11873
8833
28712
18096
10947
5439
255
3442
270
49163
35525
51748
2348
12609
28224
19257
62172
13775
6277
1946
2941
34741
2476
293
368
36547
40299
27932
33006
53620
2208
17557
60217
26977
24022
5699
62520
13159
51536
12410
981
18189
3098
46872
2508
1591
203
11011
13618
57108
28188
31405
60304
3530
15131
36495
37
3539
4069
39600
159
395
34996
33979
33305
5157
6140
56517
11156
13963
3086
41521
9944
8798
8266
54817
20590
72470
45665
565
18036
10494
6275
14427
2311
24483
46127
446
51031
11178
14870
54227
9982
35788
33406
30878
1326
40100
19636
96
15092
78453
85
26837
67567
73366
37977
13552
11995
802
36006
37653
5281
18510
39898
116
3082
94754
6930
17514
594
18167
11694
40365
25037
22522
60781
36505
21225
9599
15236
2120
574
62429
62095
37158
3490
82236
26432
74757
12174
11138
28971
5125
63056
4990
47825
80395
35922
23283
22469
12001
16225
924
37771
4069
16714
3160
54901
22107
7665
2036
10423
10301
291
23819
39183
1709
45654
81958
11419
7115
6153
15003
833
77403
28875
17189
61280
38817
54691
10402
67046
26624
19884
7452
23223
4379
79120
10955
1837
120
9429
30595
13159
2419
7110
25838
65888
1223
6212
31035
31218
4429
481
16047
3106
55799
14227
40647
890
27931
34789
14867
14859
2679
16250
1067
3087
4747
72528
50332
1365
81314
927
5226
21236
5912
22887
36201
87143
4553
38110
1581
21960
44283
10607
43213
29319
86277
11367
61614
10842
15120
24194
697
1965
6403
38927
35036
23061
18208
18945
1379
7280
44176
35070
21729
43770
26243
690
8067
86572
4610
49639
54987
21639
44008
22196
2311
51068
16290
44053
4683
43771
28166
746
9400
490
37251
37021
20115
4938
4402
31298
52867
8815
22823
8984
10649
19173
40414
39777
54795
9901
35011
15097
896
17266
66685
384
7802
6357
37714
1518
37257
9016
8823
24290
14471
41190
1022
4733
8781
34578
19944
4425
22055
60897
70509
83990
13315
30012
10280
13223
4479
11605
1754
6408
1427
17070
6675
13351
19924
58845
32997
47485
42622
34774
19825
58262
15420
76820
6895
455
31458
7427
27233
59918
13032
15109
42018
40038
11730
824
15100
31828
18494
34913
901
22915
70053
28437
6937
35308
31083
25042
17364
14455
102
2838
7661
10184
7912
62011
9200
3682
63543
8957
6819
33576
20777
28567
62033
8159
21560
26689
4802
839
38179
5416
18911
19403
710
27150
19297
9313
37814
70130
54425
5465
21041
9915
8718
14060
53500
21816
118
27353
10320
14306
30228
21981
50660
522
65115
37564
9926
53407
39268
1296
7235
4351
82985
2716
62081
7386
4407
10154
3614
7539
21966
11369
6285
27518
4821
3718
27836
14737
12949
19298
1920
72905
29037
7562
9132
55935
14257
82434
15207
23571
19709
15041
24772
18279
46661
6868
8022
10131
12306
8818
14090
6509
55445
8358
13364
11605
33765
3802
66258
19169
12711
70978
1331
55
40360
64210
20823
655
17912
15691
3518
7406
18603
57007
7274
41441
38969
21201
43800
31599
3825
47218
724
48162
33336
7855
8397
17594
12085
59663
92488
9972
12866
4875
3624
13897
761
11268
2412
11357
7047
7230
18033
10749
31914
35609
7176
22300
38769
53050
5946
5456
17416
15920
3715
83541
20682
27138
80761
4432
2495
5819
484
6727
686
2600
17420
54657
20080
4923
33160
16851
12538
7841
6588
23180
15306
1308
25235
7222
3652
11540
13483
5447
27609
1282
9169
76321
11817
48003
18745
63609
51732
8115
10913
15335
60215
29932
11316
19452
27436
5705
82063
21953
83276
478
53086
7735
25269
7305
13312
22156
3207
510
9761
15572
76021
15870
1532
36325
37861
7351
84656
6993
28497
2522
35437
79716
12038
22226
67302
2108
28091
16961
465
11536
11880
2123
19008
29972
2906
22866
86719
3100
4797
2714
14214
37191
446
71149
55208
10396
14140
8843
657
66560
74280
12033
47272
4139
16125
7
41069
73198
8099
79009
13989
4898
42624
8777
17395
10970
8630
10305
16035
46659
448
4119
77477
2797
8219
29697
3729
2580
45709
11092
364
13672
33702
53906
426
21813
74982
5348
1064
23706
11264
874
66493
71716
12459
6340
10209
102
40735
54146
62598
13943
5187
73194
9868
6817
39559
9214
75251
8768
5177
18633
56102
33560
7378
12053
7698
4718
860
13791
84614
54728
25221
34303
24479
29063
68620
12631
1535
27734
14307
6278
18083
25464
26113
5654
3932
410
24278
51018
13373
57349
5060
70988
11811
20279
72
27412
801
47376
44137
27080
23285
21815
59239
8461
2142
20254
332
9190
37013
14538
49675
51334
61140
9857
8204
77754
10735
16452
8453
8547
1708
37375
4944
25003
67415
12320
34156
33685
17944
7991
36389
58017
63244
57288
28287
10386
21059
46656
4250
62891
27463
40432
5339
19557
36792
3302
20864
804
12628
3551
488
14930
4554
8905
26693
67499
25980
2508
4925
8355
27869
33725
11669
78788
36728
20258
61721
32834
29366
37509
47592
8713
951
11767
15608
30430
20493
4646
4487
14142
1492
60867
80677
38156
500
18396
52900
214
20886
69630
11108
52254
648
38743
31922
34367
31068
19633
11464
14880
2399
47569
6399
23439
19249
29696
28448
39487
392
32019
1869
18275
12347
6503
27446
34119
56736
14936
1642
7499
43259
8412
971
13792
37323
10306
5726
22200
42053
27342
9868
9058
56443
13725
16003
289
28590
11653
9690
64969
50385
76674
9798
34652
8636
29516
49281
53229
55428
25062
58969
502
11250
1590
21863
30468
35072
1139
17844
31921
3712
6903
8704
7394
48175
37437
5158
7829
27939
43375
29530
2236
37221
30676
3985
42470
179
19507
27232
33237
2896
89294
48618
28957
6837
17206
10573
107
3474
1050
6451
65704
29608
81
9613
11374
2865
84755
43459
7610
18883
89831
13251
281
9895
48715
40953
2157
2294
4087
69350
59887
16501
1728
8514
17808
22530
17282
46935
188
9849
33939
33039
30985
3748
5927
6120
3342
3333
16319
1675
1214
50836
66554
17936
47932
6373
52616
26237
77468
7741
42043
21672
3669
9576
13601
17072
19129
39879
47519
4760
27757
9966
968
55531
5034
1433
1095
19866
1092
44586
15545
33750
18942
18661
48275
15259
44828
23752
33160
74936
26414
4062
23477
2069
24508
1158
72891
12955
59731
3431
45
23526
23598
27360
36141
2517
20162
3709
32394
3381
59979
1367
36696
10985
826
45865
66681
36269
37647
54920
3758
31627
74988
1822
49077
1752
56803
18681
22068
21843
12197
3733
7017
20477
46298
7380
45597
46963
37733
7765
9715
64314
56583
15911
30767
51031
22123
66102
54983
11252
18287
23410
51956
11624
235
43179
6219
6556
5128
31239
14902
31826
3861
12662
34111
6460
11010
35172
15669
22131
5930
48027
15818
2498
20849
20612
4895
19195
24024
3274
66642
21554
832
1500
11426
3795
25501
13792
18857
3147
3151
17387
33937
51748
3798
24824
19060
45263
41738
14632
23134
7484
71049
18635
6258
75743
20602
18323
52820
12654
50380
1377
15743
32639
7653
238
7653
6574
50565
14077
6681
65594
92288
206
26667
20203
8161
82757
28570
18877
10430
61556
37506
17777
4100
1003
7026
61195
14117
53409
71504
44172
905
45457
26909
27700
9418
30340
8115
12835
3177
17148
43877
26596
9832
25525
59717
22368
57929
1037
66691
14719
6304
3170
3259
807
18484
5057
21140
11956
26108
30632
11256
4149
907
18000
29102
1683
79184
16296
14870
27940
38050
7437
1653
67746
3852
10209
10297
12963
92859
44334
19447
22467
45361
3293
28578
90831
45368
836
8704
3875
78808
1251
21400
19341
58743
64026
20701
5065
78810
16425
33394
5845
92749
16277
27662
32439
230
35296
9587
4545
29519
55068
15393
10286
7696
2013
14156
29507
66666
52942
45983
21316
44818
5942
832
21494
35223
45219
71303
21569
18334
21576
1021
38440
59356
14633
38
5260
14786
49700
5085
38708
12252
49793
38620
5837
11492
29696
18769
6066
10446
2280
59858
55493
14051
14167
4371
46412
19434
1986
63382
14319
118
10476
45211
49762
80201
4726
9976
20118
10292
7809
71314
65683
28041
40312
5909
1589
1399
21988
5108
34266
3035
9257
1386
19297
5310
25202
25331
40588
22914
7795
4307
8508
5880
33415
1901
10118
7481
9428
28241
22455
40386
10422
73167
29697
1732
80900
23375
10028
33980
12160
66693
5539
10609
7298
47761
28759
6734
13127
7752
47412
10870
27278
15579
71894
10511
15135
33978
8393
847
4283
3321
18206
25784
3071
20520
30
46901
2551
11498
47571
26053
55224
12213
20446
1431
51671
65415
6734
17831
21722
861
52983
5193
26511
23251
979
32336
37923
59689
1074
1777
49093
44374
16145
19555
8554
649
23395
21882
24092
1384
22851
25300
18341
5888
17221
19584
53471
10303
1879
3475
11793
17128
16296
4128
27945
24244
2880
71370
15022
2075
13017
4630
8643
51179
1550
841
13882
28141
25166
7468
2932
5530
11472
2296
7836
56908
26567
43727
2717
30985
46798
2373
5089
2578
18771
29393
3032
55117
29244
27302
3709
30059
24519
2039
56551
34671
21792
5133
75696
97126
39117
12568
10162
2152
30716
37666
5136
13353
858
905
26879
76659
48596
41217
15076
27506
23881
17669
20482
72846
38229
66288
19446
16784
35746
13887
34556
13212
24275
32547
25323
51188
20710
36660
50533
639
90783
2310
26121
43917
16830
12263
2458
60600
3723
18834
17612
1116
16105
42656
65658
164
32610
7559
8896
68674
9591
5477
3169
10056
26701
3140
4356
19947
57679
21932
14650
489
65
38186
1494
2297
55466
43087
44821
28564
1138
1889
21416
12303
76140
8416
58558
35544
2836
50710
6521
11065
49008
31446
7573
40013
1437
4785
12252
68939
89253
34060
6589
61064
25451
34908
29875
2948
12345
10693
26297
16856
56937
50071
8984
6019
45508
5281
50810
13928
60811
19943
22456
39522
65924
11861
57122
5261
15275
63116
38100
7362
11949
971
7597
22212
1399
20649
20673
608
2892
9110
18957
5950
19157
46538
40445
6748
3442
16375
5528
44911
16721
46229
15033
12008
29886
50197
41845
10803
81968
29586
27948
82602
499
26358
13689
13520
15379
395
40153
1921
90386
44216
917
19450
79441
72104
5944
9541
4046
19097
18774
4000
10085
11752
57134
6002
51253
6705
45058
4465
5667
58034
49078
28071
38062
23664
6633
3685
8556
45681
12894
11029
9538
88363
52047
29194
16261
22610
23218
20260
50676
10089
39352
51306
28826
20850
10268
437
35339
10876
10641
62472
9045
8258
4578
15709
26101
5684
23688
5506
780
8726
78530
25828
65652
83265
5795
8857
4264
34860
40357
333
37748
4450
16517
46166
44574
3809
24825
23332
31835
45823
8955
5577
2583
8957
29149
1423
8231
83265
24126
7233
44110
1825
5522
54389
41512
21337
13822
35975
12040
19123
1555
5004
94467
20677
6836
10192
45707
28891
1696
808
1408
4378
5127
16654
14361
18648
1615
20244
90350
13193
40481
45296
6712
3200
422
26056
4557
18752
1666
2424
9666
27128
16442
1268
14024
5546
5645
38354
18275
14978
6004
51588
1935
691
31167
9084
47500
8626
17925
8257
9883
32051
35434
48
77072
37947
63693
34979
38662
1404
1794
4206
19570
6563
1652
2994
13292
39761
54828
63088
19611
50812
15491
49625
3166
63090
10826
46417
36244
43818
21497
10589
59294
13760
5617
54139
40820
12621
2053
63239
172
30335
37365
29239
21088
33384
245
530
13980
7271
3277
49941
1317
12545
17152
9977
27576
35899
16428
39498
13532
6299
77154
19755
51531
22055
14988
45054
21739
33003
85764
75263
26459
42004
29649
91786
30148
23571
1405
43498
23479
28638
24091
63025
16967
49804
50867
13932
18724
11497
18384
36964
44646
4024
34182
23967
8662
51705
8975
302
21967
25011
20385
243
41468
39720
59675
5196
1387
16251
428
395
78494
40639
12622
1920
55043
75829
29963
7145
6281
75139
143
19283
21689
46650
8218
58466
1665
32746
17783
2184
2469
244
10
64951
292
36785
59534
7057
9784
553
11547
79339
24816
37729
3061
3806
20874
12990
7695
16625
48428
25739
218
11451
38604
24525
34807
65316
13958
4413
637
3832
3749
37805
87047
75729
17664
1237
72725
52308
28527
13269
71846
11228
3781
9948
21535
48469
26867
49733
28423
39000
53948
28335
29592
5465
17400
21622
63203
29383
4707
10291
942
85251
200
70041
1895
8213
958
9057
7634
42901
1297
59389
6907
2372
16593
2145
6849
3695
44575
8493
12296
31358
19918
989
47958
35375
22499
10603
1042
19310
15840
31708
10498
2409
34866
7537
43507
42696
1793
49012
21317
17703
723
17946
1027
22485
1594
20036
27624
56509
2681
39819
2606
33350
3470
10881
7076
63927
5865
17807
10143
15984
5025
10344
65613
2806
2991
5733
79452
9812
14724
10244
8976
80248
3862
661
34669
34123
2604
14080
50095
35241
39686
5026
722
61258
53973
12781
25582
8474
39233
425
21966
6785
2947
12923
56969
15194
12428
73061
14508
53495
32007
2956
33600
44839
40944
3702
4530
26536
17169
17387
40890
7994
45607
6535
9401
24560
5414
45192
23572
67943
74980
68153
6622
5515
18537
33395
30216
47526
6201
18501
4355
49687
71074
53004
13941
6426
80161
33186
37
69803
1971
30734
133
26530
4885
2952
30657
85008
70961
38323
66094
21428
96910
8955
4359
31844
31169
4131
138
71699
1073
52444
7162
45629
55634
15324
58241
25267
39547
6309
6531
47686
30286
38552
23718
93463
24033
19449
7041
8649
5871
22849
21134
2741
25988
3343
18435
40902
11399
21998
19479
24522
4257
23798
216
448
18395
13962
1570
75160
34947
39974
58059
58684
24567
77375
44711
34386
4559
24483
24096
12286
67190
12821
9369
42653
27302
27831
8018
9532
2019
3392
48615
2312
24979
3344
4036
20422
6570
63142
5945
51783
83421
23625
48613
2099
16611
11067
7222
12035
14900
57774
12397
55924
28948
12091
30163
6893
20569
45331
22729
44321
23359
14269
793
77505
244
1349
9482
17131
12057
1615
6952
63739
3934
13677
20977
55570
80696
10726
66757
19270
13854
65887
13456
37239
1585
25617
46868
27792
1658
6851
31406
17070
7370
7840
15555
17266
62
6854
8258
74473
50608
22029
14894
11174
2056
56048
17425
2321
27179
45671
4346
28583
56443
2381
55267
7231
29139
4802
526
30910
4257
12881
70846
24182
2391
21628
458
57932
2181
4853
59159
5027
72325
48023
5340
4775
28792
3933
10860
43280
709
44015
81260
17731
9640
4553
412
2073
11031
48042
10060
28544
42305
19807
7289
5939
48230
22552
35779
40093
112
10680
42232
20073
19132
24930
9987
55046
23411
27967
18381
2054
101
847
88919
46958
36021
414
53503
9520
4930
15073
58361
13987
26330
52314
3071
53521
24297
74483
56866
2901
23961
67098
8861
66391
86030
6746
18981
31496
1419
5976
10762
26204
39913
20901
454
61538
661
31877
17225
65
6895
8608
12972
45283
19597
67931
83258
78705
29538
4091
3840
74613
2447
5131
33218
4165
86618
33442
15196
3679
17161
57140
83
3351
6040
75921
20891
25618
479
9621
76620
61373
16543
9283
83712
19917
39425
49233
14324
35358
10538
73976
39401
22080
80114
49062
21616
22551
12600
13766
2020
653
7647
44103
53283
42243
44552
21811
2180
13963
51556
8923
68
14400
5987
7052
41134
51580
30121
2533
2356
27901
1281
92364
50193
7177
1352
14038
49184
904
10751
3011
51771
1354
55476
15727
73777
49256
36631
1913
1453
22785
24276
14323
8424
25033
24095
14351
20066
13
44815
18982
14
42193
12656
10099
53817
40004
25767
70383
72230
7521
24968
13450
5739
252
75390
395
38999
15230
25220
64400
4469
17284
42204
16497
68897
1507
57882
7184
10946
10325
89889
25320
29839
47630
445
2353
7517
46545
9152
34613
439
36641
9144
16938
29038
29952
85793
1632
71814
34207
32222
4360
40527
35712
948
1912
25079
25817
1140
2668
20401
5271
25632
240
17145
67628
2254
10825
2505
44999
5
45364
36366
7091
29829
29788
2617
58852
37064
1373
74952
37784
67900
64931
76382
16859
11114
40988
19297
9332
75002
29150
33510
65185
55667
7282
377
49546
17219
13088
4130
44460
27465
45417
37771
9151
48908
63558
51577
73408
13140
24009
70168
5153
32121
11347
60023
45870
4645
1927
22263
382
9300
3632
45202
1496
17528
8024
33663
17099
43415
69979
25856
788
28819
4422
3024
8758
11869
10059
10678
2494
70480
208
32614
9579
33718
25888
2780
10403
76347
7224
14756
47164
1293
83186
769
46156
7579
16616
55152
1804
55709
34766
1923
41050
49804
39616
5659
11783
28348
56640
36509
9531
1235
6746
53813
630
91145
16784
19635
14270
2180
66216
1439
2597
71099
10224
46840
29251
54973
4155
8083
39965
7056
40410
25974
43390
33657
8957
18259
12238
45891
9094
31201
5060
45333
4069
57875
35696
78751
3319
7925
28347
6485
69861
5906
5692
34153
18075
26439
1778
21812
16018
35433
22999
9366
28674
5544
27749
24545
173
29300
2881
9637
4179
3357
33349
15639
32396
26859
16728
38276
34771
68632
29159
26487
1209
31197
38283
87533
30188
8935
13739
6141
7422
50193
4103
9440
12127
50929
31572
16371
50936
20405
12433
1185
1835
29998
535
44514
13984
17312
15966
72074
1463
4371
48708
28822
42813
23796
9500
37941
53559
12903
20255
2414
18608
12117
36978
5349
25752
56191
7886
13874
4318
28030
30874
50116
94
20979
9403
55376
20178
8653
23762
56919
13576
2868
48542
5874
65854
1637
13017
13985
49186
4138
18819
65069
10484
18159
43949
28564
5528
20684
12747
832
36124
1750
10383
49192
4610
108
17205
13264
11797
840
34256
63391
89715
15411
7218
63093
31091
9409
26882
11881
27644
6753
14962
53248
5464
44660
11291
2537
47442
6345
747
30415
15991
2686
53210
50667
3182
6561
87980
13037
384
38245
1694
52803
33976
38052
6634
12570
41792
13548
30054
12729
14066
3129
27449
39333
3129
6965
8387
29002
73722
7451
516
14492
2708
23205
8964
13501
18301
22534
29959
13218
7857
196
12443
15848
50140
41932
45446
22413
51641
62357
32481
20611
37044
9654
37792
2206
29566
36374
38314
1365
7398
12256
6040
11106
86278
25352
13520
3195
12154
20673
36401
35150
4536
24950
48986
37668
10877
525
12383
5341
38012
61223
24301
13925
67489
14927
15778
52177
438
54477
54184
23875
33311
5495
46976
27133
15272
13918
51706
55990
33036
9458
21059
10993
11814
13277
54816
19668
9780
6403
7201
12516
10142
7606
9770
5690
18494
19404
6350
1039
8607
37034
532
21355
77339
5217
58942
79068
29652
18734
38876
24133
2016
24188
27981
57139
6450
33474
46948
551
12068
541
14725
16574
30872
7719
39599
33072
13846
56693
44390
22710
7131
32581
6406
43061
36723
622
52317
20592
10310
38043
3014
19277
25570
2612
16472
49381
2470
20042
43079
870
1257
40362
1356
28563
6394
61149
84224
11089
40717
59180
44245
92283
2046
15753
15673
35599
9381
14143
5888
727
80397
83337
9748
651
26932
49905
11338
4224
91106
8448
4060
30164
24386
10699
69361
2640
478
13603
6267
22993
18486
4872
6182
111
7428
37580
7114
25076
44698
32056
23809
55585
50099
16
9976
46603
2796
703
2263
10910
23935
18201
44815
3949
23371
8638
44404
66711
61135
36964
61327
7121
22493
72177
6684
63745
25259
16646
33284
27122
77381
85088
30100
60848
12266
27416
32597
61160
6967
9339
22756
9279
104
1979
87
17511
8156
40529
12261
17683
20811
12939
28820
4703
49709
286
1509
32558
71968
27836
20185
3133
7054
22853
24209
40486
34065
39983
52618
59673
29178
65654
2118
81802
6707
26308
2010
8087
8254
15585
2045
10508
25168
14261
45832
71665
47175
12003
5121
39490
24830
51915
29472
29698
7781
49536
36986
16319
2857
773
17601
6215
1689
30268
36207
8235
2818
10417
2434
9515
9019
8774
19051
64803
5386
30863
60602
766
10194
22071
14781
50198
20620
34880
95
4608
4992
15502
67109
231
22951
6348
94842
2828
13347
2963
888
24696
4506
15262
78067
1597
58515
24683
15738
16028
12597
40042
1918
20713
16386
55551
4855
11039
28336
1599
50849
34391
40152
12799
1265
7471
15910
27210
29949
28632
524
27021
2887
911
28127
892
78764
6027
430
18419
1494
78625
18658
16165
9757
127
67372
81456
32491
28167
14857
7653
29935
39683
22893
17460
962
55285
39664
67356
73709
14252
41165
2488
7008
44324
14576
11666
55721
15126
1955
13677
12912
1454
40378
29966
65614
30314
4996
3154
3495
10456
1018
2332
6276
37351
25470
49306
73300
14183
10690
1376
10997
12457
9573
4188
11406
13327
138
12609
42471
277
16120
18160
25275
62215
5770
6800
27115
9069
73903
6881
22713
2615
25534
25064
4568
12107
42517
30382
51156
236
16941
337
1708
10407
7025
9853
39976
75834
10151
28546
41525
43667
28232
49503
6150
65924
2405
10247
8434
14758
22184
1880
15361
31313
25459
6474
91247
13548
203
1580
47010
64679
30889
3144
42250
46644
40729
4692
12734
12063
4100
19645
26996
31488
4638
12139
47404
17412
19022
23265
22292
54559
28892
1646
44105
836
5067
7345
8045
35044
6743
14519
12778
26406
3457
49870
39958
13516
11415
34320
31165
19660
8076
6617
48996
17961
45658
3670
15629
32636
28847
12073
7108
42245
6340
29869
6768
9710
7015
9043
13203
3614
67192
13026
26067
20902
61613
48148
40038
6081
6912
16931
2532
21197
4296
38144
36726
13087
1169
9235
2253
539
4695
27033
12164
3066
8159
20116
49109
17107
12186
2279
59920
30328
24867
41325
54223
7583
61929
17439
25120
45278
75090
21058
38019
11476
11415
4704
38539
21960
5390
7118
20615
40553
4816
3850
15756
44990
10526
8326
35048
1743
6744
26177
2835
72397
6270
11437
41019
10636
21779
24220
3624
4231
42
12103
32259
47433
1183
22944
7944
51869
19042
95
26441
31612
55292
28129
12221
26280
52521
14384
1887
59397
29123
29549
2790
13169
28881
15042
1174
53640
16604
12166
29024
35989
8166
29416
2744
17470
38872
18003
7341
11930
21218
9183
58094
37367
2723
68142
44263
6158
27285
76753
53259
7295
37876
4724
45150
21308
49622
20333
17132
20767
5194
12804
45854
33075
58332
46969
81785
8926
33882
5426
65636
38164
14703
12719
55938
65483
32031
36781
2334
15406
208
48037
73504
13069
93728
46474
14918
23812
53221
29624
5263
70719
417
41434
4010
32236
811
32878
23620
8212
39647
50180
6345
5087
40208
50906
2599
58026
39886
72831
3708
23237
6089
39054
4248
3765
34152
28954
28524
35166
9177
15363
9102
9096
5885
33923
42650
72341
23993
11025
35054
23369
14644
231
3106
64408
5390
22699
3489
36641
5090
14202
56483
515
39376
14986
9364
21021
47931
15843
12452
1369
7627
42767
43201
3486
2647
9117
26049
37903
41291
17453
5541
5195
17786
15895
3705
10840
8759
85227
33306
1378
25058
35384
28049
4801
17211
65087
27018
4616
46413
51163
48204
21491
9900
1934
18853
32712
45055
37283
15934
1037
5254
48828
46241
3294
5764
9410
40639
20492
9409
1906
9932
47607
5606
6831
14545
7077
25467
3203
26580
15603
21410
3709
64121
22382
624
2101
3796
25973
24337
27382
16972
44669
18257
11343
30412
46267
16294
3960
19761
21080
12600
42706
37926
33378
26005
17356
6197
7107
51475
18287
69836
2915
3542
11339
84
26017
111
34280
31302
67009
274
8556
13574
8522
11800
11035
3837
13549
37153
22253
27553
39271
15176
68344
56741
8699
9265
5588
49869
36071
3577
30744
51989
28300
484
9889
38668
166
27367
67744
83532
14459
1583
1913
21585
46053
31588
6360
55203
29456
52400
21116
25596
19943
7850
46663
35492
14936
11599
11998
25917
27245
986
10158
117
59758
12711
36906
19195
71050
33346
27034
8659
52662
40653
9725
1177
822
1822
40821
14949
10151
67152
40443
6472
62990
275
12332
8857
86357
3299
76575
7327
1747
21349
5486
20098
30049
991
3752
11947
27857
81450
29575
30950
1801
15750
12300
1725
44815
9166
15953
36098
13485
42490
11277
24874
3606
48865
33416
23666
10093
9157
16789
6279
12475
26964
41816
35162
43047
67435
26964
26926
47021
31249
19201
12962
41758
11438
40446
7793
25818
18525
9026
7160
48529
10634
39183
31904
561
36388
896
15622
27142
28650
38381
40854
9559
58960
5390
65661
2138
46197
38745
15827
5216
70243
2107
22847
8590
2503
43737
42877
34340
46587
29845
21558
5022
3514
39889
5302
46607
7513
7082
16873
828
15705
56688
2089
18927
58290
36330
50164
31761
43174
19230
34689
10726
1370
46407
8678
3891
58886
12269
41936
87536
26420
2893
43345
25632
4260
9927
5912
16545
48044
4907
51295
49678
18355
10245
25106
28330
2109
5934
43064
11568
6633
27635
14720
4266
3029
8701
7170
49368
478
8640
9892
15497
33352
34771
15727
13649
37015
34172
9504
3511
21710
26831
13131
10053
9314
16391
23740
37682
4188
11988
46
10250
30566
37775
44900
34661
17154
23550
23397
25630
3569
10992
18020
12381
34020
32170
11910
17533
4145
5488
13168
20681
72619
24218
33956
71761
7838
13326
27006
101
19598
257
20769
23127
29825
78166
22379
31128
52553
16669
33233
62159
96045
20070
339
4105
5412
42555
18695
59525
42352
9582
17058
30926
36840
11290
74121
58079
66984
24362
3449
12915
67681
8741
64563
11951
2511
41064
76452
1479
6987
14351
54140
11246
611
8476
52538
63636
42143
2180
4880
22410
5540
7772
42509
59682
50820
41039
482
24034
65683
73641
398
28243
71235
43205
15009
22607
8444
15437
66073
16361
30722
12921
60131
64102
174
79069
33968
2821
21576
4946
30468
38292
37674
66834
5649
29109
11407
4601
2657
3832
12870
20964
15384
70949
83922
21061
22347
80560
23763
11056
64320
4917
18514
18849
13113
22962
20365
13420
14048
18693
44170
2600
18219
1212
62332
49108
38342
6422
8640
34819
14582
7296
3540
2153
4239
81285
840
9980
4033
36105
79331
44937
42187
3117
1283
29456
53778
5663
37080
16664
18608
30291
8819
13025
6802
35106
12787
12383
7525
37866
13633
45200
3403
77939
13329
11365
25119
7217
46755
8414
13961
7300
7098
545
15570
39924
3462
21031
21455
22305
2966
19599
62900
43291
17516
39986
17495
7157
536
6430
57839
57986
65057
14674
63216
11865
2067
10525
23747
566
82071
33142
28647
35793
11371
33386
19561
52520
24764
92623
7249
47635
17830
2951
4467
78714
73190
29224
4531
16399
12629
30274
960
1374
2452
1303
31708
34967
28588
88708
48504
11993
21386
10434
57813
5893
38698
7556
49587
6948
8611
19014
47291
58082
41433
79340
9536
38779
2500
53509
1569
48527
13146
1820
23064
4243
8849
22023
23523
25789
96
1594
21972
19382
41788
9149
61625
84238
38629
26472
39163
7521
46264
1604
15666
54178
8657
8460
53280
66742
40674
11541
25545
765
46889
37704
72376
66803
40958
39899
45905
65915
3678
46137
38528
29349
2999
11253
83870
34419
9484
58325
27044
20553
54935
23728
3998
18928
35079
34238
14030
3895
28414
31031
4947
39305
7965
27637
40251
39273
36965
41753
53894
32423
4028
46689
13516
26
4386
5133
37922
24602
11873
14501
4480
28910
34033
29153
16044
17352
23567
27484
33257
984
1774
7679
2791
36840
46404
3088
17081
44659
40843
7721
346
16200
31311
25311
54787
3204
5093
1179
40539
1782
10737
16544
66321
24792
33016
31664
52433
665
616
60996
2285
26509
4147
3038
30462
2321
10649
54728
28531
45443
2134
45162
11259
89338
2074
5152
9481
24084
4292
300
12044
43770
15487
35952
70022
12718
32146
5187
93
38764
15788
20068
11907
29494
37168
44257
30468
11050
3003
25298
26198
2229
20167
4743
29578
11933
17934
15204
2273
5221
78427
1633
23440
14267
5324
1930
57496
37153
56944
40188
18488
3409
3320
13748
32536
7224
3118
35542
69478
27453
125
27609
13253
57627
63986
18120
25246
6055
36916
10730
30676
22096
21612
26054
11808
56575
54032
2186
6025
40
4199
26064
55763
55984
34157
29480
14476
8414
12621
24558
15115
6231
72487
3937
1822
12458
126
34381
5966
13379
37877
14726
28354
535
43604
39007
28873
11232
7616
32164
20577
5664
17390
16971
5812
258
37011
70051
1849
1170
6725
18643
4418
1623
4208
5240
8844
40186
6843
4298
41131
21236
45507
12390
18940
18981
8950
14292
6829
14232
37050
2230
2795
1683
11552
774
33257
4743
41455
21759
45308
65505
22198
31865
1273
15616
5127
3977
10194
1257
53157
31268
10863
46102
68453
53328
69231
67059
60504
8475
68069
22316
18083
27567
553
41147
46035
12108
9841
8568
2419
580
14447
38811
6305
54823
26097
22165
8882
48740
30658
21967
22954
2265
11982
26035
42289
12306
38724
25955
72999
37031
36990
5086
44380
79
11229
10252
42341
68340
4571
13171
82763
505
7759
1874
37155
10002
7952
30718
82134
2043
8955
13675
77
13257
66488
143
11655
937
22251
61886
1198
14343
35572
19082
45517
8066
41899
39856
10427
12066
18186
135
3492
44823
21221
28931
3144
31164
2479
23713
33182
51117
67746
34161
2139
6497
48370
23439
12521
23488
42860
1488
51770
6550
19365
59795
13942
6503
5
11397
28310
20512
24
19663
35484
6614
37722
3169
29467
39304
2695
22155
25985
297
5359
71384
15805
16939
28871
30677
57
53229
3394
14482
10249
21695
18815
3761
57248
1496
28236
40512
6312
79546
38899
71041
26296
13750
27127
25376
26585
75080
22531
1851
63940
2322
50893
2053
36695
20925
30766
19642
37474
24786
8385
13018
77373
5129
379
42552
30326
23088
19926
4612
5911
65208
33223
25806
4604
60061
386
13524
23
29887
32018
53357
8693
30592
11994
77709
58973
10603
3752
44327
44076
2120
4961
143
69274
87928
42989
10331
788
37095
10621
11661
58947
14669
27645
20012
4528
2155
6209
1246
12083
7155
358
9760
4568
59020
23454
20485
3590
58832
12234
820
17232
43
4704
44486
48817
7998
44708
11027
8573
10193
16311
36787
73797
27633
23166
44941
75694
21959
51819
47778
49651
3655
48406
23794
50891
45508
991
36978
22565
15440
49828
24415
15553
32068
54657
53303
12277
3084
10676
46064
2457
5676
1418
6027
19676
22246
3910
66150
25587
6565
71596
5665
84438
5711
13747
18889
3726
45384
22456
28363
38456
79929
11524
22575
52075
93070
34276
30490
15425
9438
48361
40093
15881
15958
20460
15747
10486
9741
10781
16883
56306
19580
38166
35446
4260
60154
56286
70550
464
25052
23074
3948
71387
4722
30325
9549
468
38319
31288
36937
37972
17950
27227
25554
39649
1256
34133
9240
25290
14685
1263
8153
25429
27461
20516
70074
1596
64778
1420
6422
27496
33756
7058
12347
9230
8680
4529
6891
46480
9670
14019
11652
56165
1567
2982
34782
45066
3366
958
9363
809
22971
51556
26718
54107
17418
8894
33606
26620
13482
83764
16702
8610
12065
5308
2756
10957
5886
59769
7637
23567
60162
18913
20580
6178
53420
39311
45346
47202
30747
67207
4531
32436
43722
4890
4443
25996
53061
12014
23168
11146
891
7394
31088
10048
1662
15125
57199
15854
11723
34150
17698
3954
57177
69067
10671
21354
59440
25128
51444
26875
24279
50061
79521
53406
1866
11523
10916
2883
31043
49533
3531
20234
12959
26402
29752
48123
6160
10789
50521
9382
41226
21719
45681
19542
60923
49502
47272
23657
41664
32183
575
39132
14553
60191
70228
1359
1617
9835
24568
26836
24369
90800
1888
1773
972
10917
51449
10967
20292
11184
17038
5632
11555
8432
29699
60461
13395
48623
4651
25575
8850
4647
14388
32835
1151
1477
47911
9533
79096
8888
57574
969
18360
21706
29092
3092
30212
45280
53
43974
13557
305
8474
53657
47545
21607
15214
10995
34178
36290
39707
4582
41280
52373
5782
1500
11461
72645
13792
3728
36594
3703
2611
35782
360
4282
2762
13178
13693
6223
83943
16423
9365
27080
39308
5473
11599
159
10718
14122
62537
5007
9234
676
35
79140
3647
53202
20500
2647
9668
1242
7162
30754
321
159
22456
7973
3397
7145
1517
27547
174
13439
230
650
1904
8967
19953
14509
5249
15988
27028
29807
48857
13377
21307
52758
1343
14999
296
294
6791
29971
33434
48900
11563
56
17230
6541
8409
12147
37363
4889
44532
354
701
59155
9186
61466
43704
4444
2553
16204
23169
1576
26395
10609
39895
11331
16172
16873
2516
16567
9875
20381
13277
47233
53593
32929
25339
8810
17250
5514
40425
59183
38
18525
34200
46995
21085
81007
28186
47807
14023
38264
5177
28862
3581
23322
22844
57432
67261
25469
76225
18224
23015
14975
777
668
5580
60893
3192
18240
423
6687
11634
25252
29480
8072
5669
21648
10377
33705
56195
6811
8738
38552
39205
64663
68049
8205
14446
80631
19827
70222
36022
40652
17162
51278
17310
4061
831
47531
18178
40820
990
5806
4782
46633
4218
61676
61087
23999
73203
38659
27141
22373
17103
31359
48900
24464
4005
6348
5122
39293
20286
6003
48237
17297
30976
25955
14370
38747
36248
67844
10449
47072
62607
9365
24581
3272
11726
4438
27385
13636
619
65795
958
43391
22931
26758
963
24848
6001
13443
61395
3149
16917
22909
448
23120
8111
24121
34541
