8
16
8372
6360
2134
64753
86801
5557
20803
90749
49181
34944
66163
6664
12992
20454
71342
74279
3264
6411
18030
2582
19143
15899
12646
3592
33527
41366
7039
4672
40687
8236
41060
44507
19613
74261
1855
23717
28531
40059
15958
9508
79507
17726
58876
65633
27110
465
43657
26753
118
436
19674
11190
15472
5544
63359
29558
7793
4611
68957
497
22921
2367
43562
10710
4497
18414
286
29883
8567
2857
2948
29371
17083
24013
68738
1998
8579
43955
34408
38085
10084
1555
11950
27188
25222
53997
21317
52847
65241
61787
11527
62365
63214
32246
12282
28552
70161
73411
1369
24152
39714
14757
24738
5157
143
67003
9730
62669
36767
14557
25376
71813
41056
8179
28806
74582
32454
39205
74395
3006
76546
569
23053
10487
85476
841
50005
19647
23047
690
1402
9372
11990
8809
19565
36128
1174
21989
1199
26475
72146
43832
345
65
17094
9047
15505
1598
6256
37868
38279
11133
279
18426
34305
21173
16534
65858
982
42928
17864
46151
9663
478
32383
64960
35489
47628
28848
18878
8922
4205
21992
46368
11461
16537
43679
64788
3457
3646
246
19597
32585
55729
8906
9445
36369
59729
10921
12480
54997
76711
28392
53070
28802
27651
2277
51946
26937
14180
193
8416
3099
25503
40773
9393
40023
23290
31893
14764
15867
58644
11991
13677
52080
29260
46935
6795
14883
26907
306
1766
57687
2628
108
13698
4520
7206
2550
14793
52766
52960
79803
1004
10027
921
851
20145
610
727
36061
33040
11525
29909
67044
31341
36736
43185
4808
11003
36227
66201
4186
2946
76740
21816
39859
54084
656
31298
1902
10369
12138
29865
41465
36825
42965
22264
5683
21455
1504
5930
2831
9482
1793
2529
6274
8784
25328
26889
18777
7981
15947
13493
31817
26014
6789
10157
17226
22764
19563
29650
20360
6802
8127
38875
7471
2185
42530
88324
34370
8674
10899
18499
24268
14553
9280
3002
90945
15704
59885
949
33702
4426
54556
36656
34615
24587
5709
13257
11267
7839
26799
30954
33926
8788
57286
20147
20583
63268
77528
4098
23451
22359
37622
50498
13928
38199
3018
6307
15777
6580
372
2527
1929
7751
3801
24468
26448
28717
58763
27845
55465
10216
54790
76497
38852
73386
31063
47913
19231
2007
8809
6549
32563
4505
53177
14572
3377
32833
68133
26612
12791
51816
25308
25984
24296
36783
47296
1874
2877
15953
50304
897
55348
2069
5087
8808
33680
13956
2624
44359
52691
8135
1720
20112
42559
36872
30890
42259
12262
20462
2776
367
12084
3402
13517
6842
24081
5083
55480
5444
26242
14828
29549
63026
53599
1205
5050
9229
30712
10332
327
12317
11677
45026
1479
5623
10771
5826
18510
12076
58558
2333
28111
25057
56426
45540
31486
10254
10620
16983
26188
30602
25199
46310
24786
12835
6819
2434
49277
4483
18365
19837
48148
45737
2932
5707
28819
21911
12449
7609
8444
49551
5290
59226
48072
4487
7220
34326
806
41933
19791
25115
9955
2008
221
78169
4
11317
2535
43654
7528
37331
14280
11453
73
9481
3477
1996
3421
2513
90925
1801
5471
51351
1853
4161
10895
52547
70
16559
2955
31378
33240
42791
9760
58331
2858
6025
85
59751
1467
52518
11628
13738
72129
23234
18171
1638
32386
9479
45353
31557
50209
94903
5249
52088
7657
660
4
9116
26358
99253
33227
4220
4936
2814
9136
37618
62068
3914
34299
28830
11752
32791
9589
44299
65821
4648
2417
30827
57413
25904
4483
69471
53904
2251
20658
2858
89587
17848
26286
12037
2516
42610
1112
9274
9375
43951
19665
8872
24433
1043
73520
7625
4070
195
496
6458
33575
20886
40321
1557
23280
17151
11046
18337
2830
28950
11627
80198
2343
4932
3654
64525
39765
13403
16126
24327
42573
5418
39601
30002
55625
9114
13671
69200
33378
279
10458
12220
10621
43535
25762
28020
17747
35413
41060
60678
37363
7017
40412
44207
9611
64377
81742
20993
28743
38761
22716
27087
58123
6825
15208
33289
213
18988
15037
7296
23798
4982
49988
5359
34203
7206
2896
957
2998
46731
38650
32803
84378
21169
31139
21540
58897
48707
66875
19971
15325
4482
14328
4390
44952
12976
17330
26128
7693
6362
59270
3677
9941
59217
4354
36872
8918
12085
2140
7497
29523
11334
195
13127
30848
15537
41460
91825
21538
7524
3408
10876
10688
5858
13143
6305
3649
14469
38716
13523
65650
44597
78371
26185
11168
40239
52907
24878
3342
19737
14318
67087
27040
628
32825
14385
38197
21976
10326
26020
42267
39474
32141
9365
20467
3237
5015
24754
81177
29066
41547
10703
39032
43004
75302
23187
6157
835
12332
45776
2520
37430
47538
5149
33827
7294
1227
30743
77832
1639
2634
74385
8159
1141
49435
56849
44624
28950
31665
24043
35944
11746
4757
2047
2354
82250
42433
49330
18760
84402
42561
5858
84777
14275
19989
57173
7948
27203
41387
42112
567
4851
70272
49111
25452
5390
42601
60067
12183
2198
6011
11447
6452
357
5285
36464
34259
33826
14788
60945
27196
31914
2986
36870
32670
50257
29403
52822
56358
761
10358
1663
7045
15296
71759
22445
25374
41220
3960
18633
9348
40371
8829
39310
26767
24276
38186
2841
6443
5335
1401
34865
38040
73132
72627
32674
27024
5811
50578
4557
14225
2737
38356
9053
3718
72794
10492
16541
37721
51470
46047
5281
24102
11719
9617
32273
32465
19988
25741
19468
1503
44759
31338
24129
7249
8782
51075
27619
30854
30136
26351
17230
66659
3054
11786
30597
35640
6998
48824
3248
59333
32311
3987
13772
83534
65016
76368
50077
3351
1312
19348
8006
8320
61628
67519
31536
2310
17807
29654
20582
36675
50428
2602
1820
16503
64306
47403
69185
80547
53282
44478
992
417
7976
46178
14028
45636
45060
63527
12393
15633
1318
79129
2260
38070
33606
43398
6164
3967
42613
30278
970
27070
31321
27457
263
37347
20
29802
12698
38649
14163
47699
59615
23586
21360
34333
39436
5498
10895
20
1269
34038
16667
14451
25797
28376
676
15368
55999
22651
95409
36662
26167
15571
48009
22269
39023
545
7855
59605
36809
12427
54515
247
8757
47284
8970
7206
17444
30100
10763
71054
16087
6635
24118
12979
24121
68571
17320
30
89346
33095
34052
5249
83109
39028
71365
13099
12465
38103
6276
8770
29221
25816
4417
4216
767
8131
4125
19767
11606
3465
262
2886
94714
22721
21618
50950
46002
6333
2983
36793
16877
6903
20587
23730
1086
93356
17893
72173
9302
62133
8146
8748
5793
9810
5316
7959
11449
50436
48922
50007
75383
26342
2608
80371
67214
34239
45807
679
33189
63467
22966
8986
52963
15369
11410
649
9052
52641
81377
14200
13401
48948
6884
3552
19761
2803
7143
14108
53163
35244
61840
22061
3954
18647
81576
13300
4261
23030
32224
46701
7949
66767
24056
17464
19933
21843
33496
2139
32878
49924
37966
25490
59557
16502
51880
33202
5268
14636
9837
8646
27899
58831
37782
13209
45895
36603
31901
2800
17257
19328
9036
43199
22577
81514
36324
5328
53484
2968
20188
10595
19234
52466
2512
2164
30542
30991
9958
17782
65947
9584
3244
17849
9578
52005
84887
8610
67116
4775
15473
66608
55568
501
6988
26099
41395
89808
13076
38834
7904
7856
19156
14561
9315
7017
18592
18656
9735
5356
19666
48381
22862
10237
981
13142
57681
14020
6885
25412
23186
14884
1173
6966
2769
51939
42652
36006
14011
2706
3837
10365
12948
49333
611
6515
7579
38923
20389
1298
244
43840
989
1588
8653
6959
46663
98
18971
23115
12351
1
2994
19059
4317
42622
2610
7548
50842
7897
25562
15349
23405
18577
22676
44258
2441
17968
3590
37915
29013
2494
30936
14221
30277
14161
10352
36070
81497
26330
6783
40325
22577
5193
12247
59
2075
34422
76580
8873
15045
37265
12073
6327
60971
5775
2029
6008
5732
65446
24727
26949
12685
6605
23919
22543
14246
37719
116
4170
87598
37419
4707
20450
13078
24847
16195
5569
4043
20804
66133
23368
36698
1831
47992
14029
9004
2074
17385
6737
66241
70230
56336
56232
5692
24226
47900
4769
20816
27106
53769
15167
8048
15829
49352
37956
19947
12785
40713
5567
46149
20887
1029
1536
1663
29717
23572
27776
6162
23127
4496
6052
43855
999
18560
3115
33357
12191
49835
36924
17857
1705
18090
88100
33637
48557
11083
1994
70747
91552
6375
23996
8455
13113
65444
57532
41253
59644
55684
31945
65743
3551
15905
3214
23582
784
79063
303
9328
33278
34779
8424
729
310
87050
12565
6249
6653
1463
53218
1404
62358
5609
39633
13637
4774
65976
30697
36980
24
81430
14766
10283
14679
4675
10585
17469
12763
3311
9135
1466
1683
24913
1987
27175
7920
73028
25652
3652
20333
24108
52364
1837
42207
93258
3743
1885
19779
23811
60612
27433
82166
86619
16262
35765
22205
53371
45406
63177
31085
5080
16436
40728
13315
3605
22924
34328
84218
7153
72380
25501
42391
63078
37688
5707
49139
12956
836
1403
58057
80970
46351
37788
55717
23185
2024
1336
4405
2912
202
1210
14589
43189
52468
666
14442
4471
32836
17338
19753
9041
2917
25523
77775
13398
19264
4502
54277
63837
7094
79852
6923
1508
43563
34634
55629
13050
28837
2286
180
38887
16676
73313
19698
4314
14992
35649
6092
4603
35433
17565
1898
47628
34055
1266
7824
19692
78985
85000
25866
75060
19353
6833
14746
2107
3540
8323
26986
4643
22677
54127
53667
26033
23591
873
27529
30
35369
61489
59725
23516
1590
13815
15553
43512
67823
2572
74654
20926
3553
2578
61143
4240
44782
65290
10578
20398
21611
43778
22269
85981
9357
19367
3972
4125
14356
49665
21074
45378
6391
49654
70485
44313
48709
64643
65720
29490
25998
34938
7911
29631
72376
30321
14491
13160
26053
90374
14997
53093
59063
31531
56438
34365
39096
28611
67563
7148
5334
31566
315
8667
71426
58013
81672
4813
68445
9463
17342
25358
17221
38969
12594
9034
25807
8990
3570
41956
24371
48357
57163
4626
24500
6883
878
70338
34336
50351
600
3761
13461
11747
37533
2439
20254
14432
13429
8848
3312
65413
30538
24003
20585
31941
59798
6441
36088
70469
17850
5109
5126
13530
22442
48958
22338
33322
1987
47881
80012
4418
18520
7943
17677
7296
17150
71456
4976
2408
31130
52491
3582
2797
22991
6757
3026
16168
39704
11138
2535
22350
1485
22176
47888
30741
11376
706
9116
21463
24879
90228
6342
12294
21960
4806
1594
7643
43147
12459
18716
10287
69007
23884
33582
58111
5292
33925
34187
5460
4804
15669
9306
17914
32964
32709
11839
37693
2740
38500
1398
11462
4074
71218
5176
11387
7881
1610
29616
27148
2811
12759
21734
12569
76325
5783
3287
10701
3455
14655
82273
23810
12585
17143
27675
6096
77828
15559
4641
11393
76444
7621
1508
93881
50
4356
54136
63008
14527
36437
55130
22548
38286
67060
31261
6631
15423
9265
38428
467
42045
7322
17504
38595
63630
9085
48311
81127
32905
8408
1149
34056
27587
36415
14156
33757
47658
10091
51837
14625
72014
46181
16699
1523
35410
15258
2279
411
11316
26611
20575
58477
23949
38833
7832
1258
90588
34593
10582
42486
1345
24391
3816
30876
9725
4350
24834
40748
5480
7401
75151
64043
27982
48421
7205
19274
54633
61753
1656
8192
45269
57724
4211
86346
38323
32939
2455
42949
21222
4742
12
43937
8799
50326
37815
32459
8767
7623
5440
35349
2428
17679
12793
20059
8630
17860
10640
43090
1140
11448
56758
10409
508
64681
34797
892
23123
7409
83691
3702
8019
12291
10395
47663
49768
34164
32874
26855
57142
4614
14818
36001
18350
17387
67543
852
16769
1501
19473
13928
46142
9135
50674
54677
8856
21347
45467
5448
85230
11286
1573
85722
4391
2989
2406
16054
43056
6763
27345
54664
18212
17111
47954
8508
20075
84258
8879
20072
9166
29394
38400
423
5647
77767
13388
56470
6138
13299
47083
1470
24796
30254
43250
38943
4857
6005
40800
31075
7240
280
12724
16758
1734
88049
15652
21565
20433
11506
3174
71235
12613
29387
15347
23576
63036
32613
56220
2355
25421
8759
5591
8570
46827
9946
13236
85992
4570
32216
70205
9693
13784
45683
44882
6774
20159
16626
77541
416
4767
33442
61344
25024
7526
10905
65614
23931
603
3553
24977
27269
15164
9712
69150
20749
26008
7215
251
29951
14805
1715
23217
27544
34
7713
33102
27342
22098
11311
7069
40319
11436
65707
5943
8523
30596
8264
1064
79567
39629
12238
68676
56961
4312
19711
50644
23
64105
4863
1595
2387
47025
83712
47636
6786
46210
9184
9237
14998
69506
31422
33735
1162
19091
17031
2510
1165
4117
16062
10626
53998
37460
22120
5363
25574
26825
35377
6689
30153
22472
16843
9374
34720
14948
18756
14411
59871
14729
26509
4846
3855
3901
35255
32311
21851
16694
62126
6638
20240
1373
48268
6123
9253
32717
8824
3747
44496
13421
69644
3089
20398
30791
23552
25719
29131
70498
34340
78305
18895
66312
43846
31702
6864
6784
19772
73341
25552
2844
18286
74296
28903
53647
36907
19291
21063
4597
9077
54030
661
93621
16686
23914
22269
37243
50394
8728
61905
24210
9784
39167
14518
40322
5043
34237
85668
9955
24082
11530
35830
73291
27061
15301
6860
63934
65636
6264
3050
1980
7129
2413
1595
552
44657
8201
36621
62786
29073
26177
10983
8141
9151
8987
8453
6412
6601
74972
70730
4936
50816
17795
28407
29477
2410
16633
23465
43393
4207
46777
54865
19140
43711
54252
7946
9782
70852
72634
6978
5682
27301
101
5182
3944
23146
5295
7223
29881
21370
27726
20225
55853
7891
24256
2532
23311
46142
47872
11670
4705
43142
17154
10791
6149
12548
47104
37479
2587
14489
1656
13604
6480
68384
4475
12901
14298
10231
12803
14656
1903
7306
1040
46844
16104
53639
13664
31058
24465
15242
19479
9375
4683
5652
45688
10695
20721
13834
7851
25399
8791
55104
21879
852
58572
64962
5334
550
34568
9087
21221
30506
20611
28455
6148
30456
1868
10156
26004
935
28713
86186
14164
19588
1746
7955
30661
12972
6950
4861
16302
41904
40821
33847
63408
1111
32763
16075
8502
2822
3682
3678
60161
24252
26326
18034
1704
89390
1855
37417
11193
2252
53280
37795
3372
1139
21359
43554
8068
10509
10439
2482
22775
829
16328
37854
42548
10211
33735
11807
3514
35933
23568
63102
483
11362
9577
1261
39968
81894
555
65646
32146
9335
25889
3266
81413
15209
60581
31130
824
9805
6772
6997
38543
8243
67458
2609
7187
24776
41247
8907
13181
39958
47
60213
6603
50553
9785
41514
39011
50540
6221
46737
69221
21126
23215
38920
67453
47913
23568
67957
23018
8381
23890
54367
126
4045
45250
52478
13907
29891
47917
25545
94537
12832
11028
36065
34230
11708
7231
5452
55857
43158
31177
31739
5918
1661
4349
48836
18462
25981
75298
6058
71327
4172
15416
25435
61791
23132
20894
17215
56000
58255
23804
6345
2600
13329
25920
73235
52448
47356
35610
23417
8698
4779
13220
4589
458
6174
54704
365
30442
13594
16678
18982
30989
25678
15147
49282
917
26306
5306
1333
9571
39363
19822
54200
1573
36581
1545
1022
28075
12959
1767
45339
3405
19639
8201
20644
26425
39596
35060
20450
2591
1999
73630
7593
65014
45848
21372
3023
8287
13764
72
14036
34003
45934
17462
10614
36503
4305
50035
27552
2767
71126
13130
5975
83091
40847
1969
1911
12028
23265
21138
24065
39544
4948
50523
19871
44182
48332
49398
6748
47645
67385
653
18850
831
72115
6390
1385
19252
14108
83110
8
11496
1637
86829
3601
13756
952
47441
15978
7162
63333
8026
34896
40930
3625
89891
7927
84151
5157
37772
12520
18591
20174
2448
93444
2158
20031
14018
8633
10096
25874
25156
136
16983
23046
7692
37167
55103
22213
16997
13400
26544
20946
26697
23739
13446
1585
1117
25961
50967
8085
8202
9430
6903
2493
30980
20293
281
56888
409
10729
11856
2820
10530
34312
2892
22137
78577
9893
10990
62076
73085
1961
6603
66921
31799
13026
3090
4636
28410
37267
55054
5792
38029
3852
64972
4344
53746
39975
79859
70371
12778
5222
27017
18433
39980
49118
5148
50812
811
82094
92691
8276
50868
492
34186
73743
39754
34202
98
54623
3635
27506
18403
21478
55539
41386
3514
24614
15945
877
9577
6764
36853
28476
27519
600
17760
15086
64066
5745
5226
19791
48206
28444
43566
7628
51541
1300
19053
21138
88436
2530
13874
6606
521
34286
6963
8556
74193
6349
34523
21120
23338
6751
2802
932
10999
7476
13633
50614
11090
10924
18108
7025
3332
27165
66822
33821
60166
49967
9041
31734
26017
3466
27003
135
25343
37187
58099
13722
39177
5616
48328
23750
4249
15022
53464
58281
893
2750
59935
15443
47986
7568
2387
54396
1752
57739
29225
7933
23208
8326
10749
14146
6879
32368
5153
20641
6423
1100
38437
42073
11623
29537
65586
20672
27736
2239
4050
13126
2049
13101
49193
12162
20825
1845
18261
31638
60908
66521
5910
47696
55203
18443
3173
34599
36350
21047
23230
27990
19890
6726
35916
47261
92880
68478
985
60724
11908
2247
5887
24404
57765
1629
26471
25903
17723
39166
27964
13848
2030
55
29023
16358
5589
73432
4231
38176
16544
25972
36042
9881
4672
1024
2574
3313
5674
38944
11955
13943
42410
5495
15406
53215
345
33436
15152
1221
69539
73045
29519
34084
63949
62450
45920
87811
3670
3891
4206
18213
19952
12648
7254
22437
28076
47224
46524
4284
43548
32237
19166
4134
31286
27224
12441
33943
3083
45056
7860
67191
433
18061
53856
16138
53429
53637
23031
8618
52707
4598
6896
3672
67859
39629
10271
15054
3156
900
48817
85487
16898
2851
2417
88275
20915
4939
45328
2208
6779
60019
8577
696
94
71604
39041
4286
3016
24843
11015
35595
3142
9000
5718
71455
39088
25817
2434
3067
5094
2042
16418
5862
2824
2682
19732
15702
2581
39383
55894
2779
10060
491
17570
51791
80444
1936
35922
44627
1013
19155
16616
1124
11407
46202
756
40294
39776
52125
37239
41963
25380
23196
2442
1105
36202
27441
14450
37814
2240
35207
37843
62459
2588
41929
83
33797
46156
5775
46287
19367
383
1363
42359
15712
5844
27034
455
202
84143
3877
6092
64656
45036
40184
7853
62166
10015
23802
78373
3820
110
23955
41436
29995
26550
594
8598
46435
23790
23053
60984
20399
3276
3420
3338
11617
19173
25702
16558
11354
2951
4775
19916
19990
3803
19947
44225
44358
16527
21087
182
57254
13390
59793
1559
887
64506
21904
11671
57930
29509
26089
5414
57864
44703
41478
45454
727
34436
38382
8962
3311
7796
47369
5427
22628
36368
26657
42937
15098
44256
65757
20305
51506
69968
48725
13641
16283
19582
31670
65134
44541
61470
57813
2618
26020
61091
83993
10407
1473
8338
16932
31745
33908
27718
2729
1542
13226
61690
79646
61765
35301
37266
19401
40530
2123
34683
65247
22318
30605
7627
16928
28374
49864
36535
4372
22788
405
18924
10823
42911
5122
30039
57662
38251
524
26403
31602
46101
12914
16733
23053
38995
5500
82739
52698
43052
55949
12852
12913
5681
37331
13768
20467
43368
1838
11966
20889
6136
3043
19557
24851
21556
29153
453
6703
19142
77546
29855
54020
21871
60063
16455
77929
19992
46702
3182
2309
77188
2236
5744
783
19394
54119
7707
32761
3985
62568
37765
10162
4235
35226
25822
47549
74943
70049
18302
2732
29916
2272
66591
39306
37175
72807
74767
58095
6760
73274
3712
18573
149
18279
8338
3582
836
66169
852
6560
5067
75932
11328
12571
3471
9190
690
28993
15336
16564
24153
71174
5153
14961
13721
19625
2662
2651
870
13804
1152
5809
43
12092
10113
948
48
42495
2690
3513
6425
1332
8970
12727
715
22208
11645
11785
31146
21906
20293
3810
22485
83514
6308
74902
6512
80316
9050
716
2219
12682
50988
26979
59009
4755
32346
7756
51222
63216
14707
46091
2779
17689
48814
7491
70024
77934
19194
73967
4538
5749
25189
10892
4494
4353
81671
1414
42619
47574
415
15932
2106
44344
24837
6
18595
48645
38210
16392
11014
25009
249
56088
28854
60132
20558
4494
14317
2333
173
35763
24232
2920
21245
6449
19182
25040
13569
45822
17444
43060
13360
62432
55812
24485
9094
1473
37371
29089
25200
20412
13813
1055
8404
79398
39682
12217
9503
15860
14504
41173
2555
28421
355
2899
5556
56132
7532
451
36894
5536
560
26489
74179
54931
47479
7682
14908
67203
15395
88607
33037
60691
2816
16741
20726
2003
6299
5705
47587
12009
11350
10809
3524
70794
61707
45920
25501
6675
915
33806
118
36488
72385
17424
28590
67726
544
5743
928
71087
1191
18847
70271
58234
57170
30786
47157
22981
47460
11371
21287
18705
88151
24365
26329
44955
67787
8205
3472
34121
27122
25412
73
262
29646
33098
3233
12919
2989
11851
8178
34306
40488
65148
14164
6341
56615
28958
46216
2401
72952
65871
36224
88
21041
53444
39389
203
3060
1682
2978
56477
1289
53764
61127
43140
1916
4488
37688
50525
391
21339
49818
46480
35054
12551
11465
37145
544
1599
32917
9862
13517
261
16595
1547
49966
59244
47888
2410
29971
2599
26333
2203
20652
2434
1005
35019
3758
55644
20747
27525
31086
3352
10408
29494
6916
51434
5321
74315
40743
5641
10957
47313
55495
86559
19083
4637
58535
30582
61942
74843
90601
45919
4141
9883
5483
4215
5111
67941
8198
1053
4805
37359
30252
1900
13893
207
38946
27288
24338
25750
26087
4531
2952
9935
31887
70114
5621
8911
50908
11584
936
226
6145
92408
18846
15601
22336
12144
45403
4518
5100
16098
35371
14506
7062
4126
29443
35077
485
32976
48179
44081
5132
13483
34727
33967
79743
33285
60982
12471
47498
32077
56178
21849
21131
29327
16901
13423
61235
7959
3245
40369
24785
65902
13404
2364
60600
9128
18843
21555
31037
2312
8652
3186
20740
50347
5443
558
36219
40723
2681
51677
16561
56203
47952
46383
6747
31722
69259
53590
17183
11847
52253
47805
71965
4588
16068
46205
19432
4273
226
10432
39308
49892
6090
61386
94403
1780
37557
27775
4517
54869
7033
6057
960
87907
19763
3439
16742
6194
19984
22770
70233
46960
38791
4045
42093
66422
49860
88540
10842
45028
5907
19076
94720
86918
29834
18352
35725
5277
2451
69576
48226
14515
55598
7260
38717
25726
18987
12097
60869
73855
36696
24867
29765
4189
20615
3041
5600
44640
20359
762
30950
8775
24894
75111
33447
10028
3578
59431
15018
44796
18104
3838
93221
2047
2830
29886
56239
7675
85620
9767
11349
66191
17858
51128
3437
2650
413
3108
82971
36996
29941
5463
14515
7602
19424
27256
43605
80080
18233
37825
54044
49046
1609
87599
41048
46624
7585
18507
21951
9413
15269
28070
26759
34109
3965
56962
17327
1729
9964
54076
22647
12069
36017
13146
55433
22173
5846
12363
1369
19004
111
37448
6615
63229
20705
7610
29427
74080
15871
53081
1591
81310
3337
15361
3682
8205
28238
10378
13315
30825
85244
10335
16543
14203
25472
24860
38943
39104
9001
59178
3200
10642
15816
14048
9434
13736
6896
10791
6722
57207
9375
34832
18374
2322
19454
12764
1305
1964
18074
2884
30996
6141
3752
29063
52407
5
5150
32208
18404
8794
32788
2693
41535
37543
48455
5841
12314
40097
9498
954
24852
36693
18021
20790
18507
2554
29276
2161
8982
2099
15268
63792
32995
52592
484
27271
30083
5782
69317
50244
8706
41167
9239
77179
2862
29173
5192
26042
4634
1987
46523
6632
11731
33432
42643
13172
432
763
10207
7099
15987
39712
40530
2493
4053
7226
24417
5927
8137
14383
1129
59823
33298
35279
2676
2850
10431
17762
432
98613
7323
72657
55588
4690
55057
1472
37828
24990
16473
7923
36882
60236
27244
24448
37380
21633
28074
2960
9621
34416
44053
6358
32569
27406
27078
82030
1873
12119
14457
30000
974
28067
596
13410
1654
33034
7362
53265
5675
52276
55845
35204
15827
41750
46931
35359
39631
5319
11192
82274
21221
25506
20791
200
27615
66932
80550
10940
20109
36447
7077
12861
11055
53388
13795
39515
2174
32140
31886
7281
35493
9418
4804
14509
25592
17712
35799
14904
2470
9222
6329
90494
12170
3905
711
15612
22959
52082
24116
60659
2263
23888
3101
41752
801
548
2041
5014
35278
6521
33900
8897
16020
984
9688
20609
16518
21038
7777
10574
5822
17175
1577
90323
69709
345
26390
3911
15448
28019
11263
26824
19043
27660
3217
5276
70959
41412
28095
14846
1649
7896
13396
18164
11202
37375
15309
9307
39610
3000
17875
6516
26874
4324
3289
13210
85224
911
51119
18038
63294
67
60549
1864
14736
2321
47177
37402
661
38681
10988
832
42237
6
54409
3215
26149
7038
6667
22569
11195
84223
27643
51806
42712
27644
8119
62170
3316
582
14731
14812
38023
2294
5618
25886
4799
6188
22945
35575
14135
13769
2699
16023
12647
13847
68289
6938
77648
5666
58830
10350
56092
27736
40665
29038
17436
5064
65103
9761
9135
23872
6789
3036
1791
21769
21557
38821
15239
82238
31359
20840
65245
65
16636
16226
33173
11844
7934
9273
6570
11055
20441
1964
50896
71542
30221
47069
16635
25325
5445
52572
73093
24157
29430
28279
12011
26721
48521
2456
50916
23888
2169
22664
7191
65438
30849
29776
7241
50569
1888
44361
11702
6340
26853
28954
81351
39786
6210
6563
11589
192
32266
22523
7595
18458
1613
7661
4087
34886
8804
79646
11362
15763
5246
11850
10688
41533
57279
23703
39269
16790
5580
66661
37486
13875
42461
22628
92379
19705
2831
34762
1206
5860
17496
16308
10795
55439
8223
16361
17355
672
5644
3120
10661
9366
60673
40511
21190
30902
69715
42235
30365
1073
12545
2652
19730
49276
5609
52450
52583
16430
48895
2917
3513
5595
37112
21286
31470
11394
3615
8766
24618
7299
66516
44895
76658
57627
19418
50534
34739
43825
31010
28432
9450
82175
2139
46511
59068
18053
33685
10994
17250
76774
15282
2562
6168
4727
7815
6588
9717
16605
29971
51217
1786
3796
11357
1633
63669
24805
7994
3422
17701
21922
28167
19944
17019
11574
1480
3393
541
663
2110
39781
15963
48484
87824
144
15631
42293
29357
24288
69338
36764
2672
8884
55340
29282
546
20540
33163
73054
35620
8873
26416
9460
18524
50496
31689
70923
55548
55104
10284
20315
40085
23179
10200
41856
58858
2466
45205
8749
52828
17890
13915
1451
8317
2818
11826
62147
71687
31573
18460
5038
34661
1697
46338
16079
4102
1669
37015
39958
23446
88081
398
9
15
6412
54406
63694
70745
24866
50796
248
79510
43779
3843
88869
34940
40611
19933
50947
22622
44978
24939
9846
8979
13162
13852
37407
3690
26
1651
35734
25611
191
2764
56976
294
14907
3034
28726
6589
23775
23404
66438
3951
10447
8416
31181
588
24551
20190
17480
1173
937
64797
24232
15263
16268
1131
37544
46069
14421
19793
75274
75249
47369
3543
10776
9719
2546
42724
4405
21358
21489
2450
8434
48143
21549
28409
29985
7060
15942
62415
52051
11804
15171
3761
61516
309
1230
27244
128
3145
13506
3524
8200
2573
60653
78746
45407
1394
18811
5938
820
23496
39888
8127
2314
51275
9417
9750
34001
4270
2164
2638
2116
5020
1469
57644
50302
11212
2622
33548
7603
71999
3076
46357
21791
11064
35293
34619
29888
34485
37187
17377
36461
6260
46505
905
24866
25318
7397
69075
65790
28191
18980
10737
52237
44472
7235
21673
40660
2646
714
39863
31498
1124
16415
35190
68266
9630
37703
242
76695
788
30025
2410
41965
9594
34540
12635
64768
1520
9353
7927
8996
2644
6396
2370
24593
22186
13038
769
39974
2893
45476
19106
35150
27821
50101
3562
6338
13363
17855
15437
46473
79620
38626
8872
24895
28835
15841
19307
30949
15423
29762
9771
12700
12438
25991
29931
1203
8162
4526
30035
7835
27734
12010
7228
3069
14369
30255
36249
4745
69412
65817
75855
15200
6132
3467
6329
33673
4615
11282
31621
19243
17785
437
22842
66258
20208
30677
35869
2895
11007
5482
50568
79837
13122
9529
54214
32778
203
309
7154
50575
36255
19501
22464
26383
4366
3596
16826
29764
613
9238
30825
22965
44096
3585
7693
7314
18700
59040
11067
64972
12084
138
9933
20901
406
52711
2562
31257
2872
10243
80449
26101
22295
61117
17925
16697
54577
3379
2445
6717
12625
79687
10427
41837
24144
7893
17036
5966
59046
26783
39164
11142
45608
38794
5504
20070
66779
28772
1782
31
6074
3738
25315
19292
8391
27836
43723
77940
57196
63249
19725
10107
4342
6226
42488
4386
36738
29128
8130
4615
5486
2012
10379
443
19475
46277
2312
18934
56356
2804
45540
44436
18053
28783
41952
48383
20410
32800
3548
5059
48714
16778
15475
1249
34226
35957
27493
1739
58548
29926
15489
327
241
2383
2575
20055
87229
22464
3203
71187
12947
36738
23470
27223
45266
6278
4876
27296
7517
1683
1507
10490
50970
50728
74357
4140
1343
1858
48098
68171
20104
27737
92604
2561
31463
20946
57154
17173
30655
27958
38258
3720
30951
44659
15360
22736
37535
31218
14218
31196
619
9018
3542
7785
10880
5300
67405
45405
33471
27224
10296
3639
4130
57681
32506
55235
58
8430
5260
5158
35022
31859
8459
15680
6352
13312
66189
2304
19691
213
49015
41405
35700
20257
9034
5038
34331
53749
31785
6175
49316
27864
23032
7978
5395
35504
4813
15111
25917
21402
22227
32105
26174
69098
32732
11628
1126
45616
70924
18991
30459
700
65272
42210
46867
85210
34607
67709
193
363
38034
84559
21161
22759
33962
7380
15087
6014
49297
16104
12745
17411
2665
6319
36557
54971
1521
70524
7774
29483
1147
19152
3916
3982
4581
49409
18135
14018
25396
71009
36421
38382
9745
7839
7823
12720
9545
13986
18559
56775
2253
41693
41067
15327
69521
43668
16249
1399
8505
46786
13888
8469
45310
4181
1211
16689
3149
11200
29963
20594
18189
14016
70340
65236
12481
12896
16503
19533
335
5121
29640
17662
18953
7801
58696
74904
80140
37001
9079
17
10332
58029
43038
91154
7276
46474
12818
49401
55912
73850
29118
5188
72304
11426
12065
16471
33887
48489
15112
511
49238
4239
14954
19579
41397
1236
41837
29407
12677
3945
873
10616
63778
21833
69170
5906
23215
16640
18731
8712
43186
17403
4652
39959
4798
76036
32751
18650
19592
32426
3539
15847
9013
19111
70440
1961
32198
32330
34427
31535
6915
39200
5389
61406
1689
43348
53
27492
3498
14242
90559
15419
12673
33001
19039
2346
33766
6276
24244
478
8110
19702
4251
20955
32186
52512
53
59284
32434
52921
28676
4286
39449
5386
12467
74933
28480
60813
9803
27412
30558
10517
51378
62489
4602
6226
25149
39178
1951
3167
29422
5359
8095
37875
1317
27154
62825
976
3799
59971
815
2764
1923
21145
19251
4101
6206
46723
3762
20423
27289
47450
72773
71088
1921
60087
45076
1511
43378
31839
70290
12872
413
21068
21192
19505
11939
12849
25
13834
54190
31834
8609
9043
14279
8748
1379
29573
39615
51083
40190
6468
6388
16314
2583
494
38426
11792
72527
21478
48038
11532
7399
4594
41538
37397
9436
21913
13630
48872
29530
16856
37101
3701
12163
39019
13437
36370
6292
38752
28085
1622
28172
24018
9312
22175
40499
23185
12314
7523
52712
1234
23629
14542
50019
5727
11968
12959
10722
19456
3396
62740
24459
11857
48220
67841
22229
3856
50161
55485
45974
80234
151
3781
2992
245
41729
31351
48832
30952
14663
6008
20203
58158
14414
71445
1441
1127
13464
30023
79588
1237
50000
9344
7809
26895
37770
16504
17229
8738
20547
20069
35011
7574
2330
12108
57029
13813
21349
22856
10984
19302
60011
21083
13210
37597
17710
6605
9993
26429
556
14630
6797
6754
22884
76913
60167
22290
13596
49209
1041
39851
24585
64935
10043
62627
30628
40527
14989
40121
12498
55845
52961
47890
41547
30
22704
11054
23333
5982
815
72134
12706
41235
54532
39426
1492
50388
3702
39479
37703
6499
15245
11219
17066
2552
35516
911
65795
32973
8727
5452
58628
58475
676
25466
34904
20008
6024
13105
37664
44933
30123
1330
6200
53387
18614
72240
31896
4010
10771
85494
31318
1552
71467
2218
64107
46549
51833
11144
28812
6092
48839
50717
8601
1764
5327
43486
53517
16876
8229
14896
18380
22074
21059
55931
43220
30394
85111
68762
596
23661
22269
24480
35513
70
5737
21340
3837
27834
5109
75020
29075
4952
22335
16339
28450
6540
15419
3917
10302
12790
51004
21620
28782
17611
34403
56789
56751
1660
247
24249
969
16611
23896
12524
4098
16135
32694
52217
12923
20913
8864
3070
44650
1171
5969
5923
32150
31064
22378
20340
12353
9592
14160
9406
8696
1382
3962
26830
31010
19853
42282
60763
61000
13133
55216
11992
15854
20905
25971
45030
32309
6886
35106
2599
28083
32844
40939
1401
12028
8701
12351
17146
49011
1486
53040
55892
663
18409
9688
63510
11518
13508
17677
29010
13365
72841
61286
9751
51303
6254
11011
46974
12112
35440
18853
11594
34106
8849
40221
34364
21150
84134
82927
36299
39079
1398
8406
50758
994
16605
25277
31203
8674
5618
56861
32887
1783
18679
80534
1153
404
10319
34854
64680
92102
2288
57510
41821
27154
1828
12495
44213
12646
11646
28269
49148
33211
13604
20791
74103
37629
21295
7827
32873
21319
14539
19
73046
2114
17893
30758
7928
1457
55503
35344
44042
77064
1699
63487
10616
10658
11581
8712
31487
36729
59009
58468
30634
11555
2098
20275
18338
7872
28209
28908
81091
35065
35147
32668
12410
52220
9201
2222
40031
70133
6964
29423
16979
8562
8278
901
53038
10885
58357
38179
12384
816
69816
65253
69960
55107
8435
21971
58132
22590
71802
24529
70893
3541
5714
484
11087
6917
78695
21058
26862
4979
1751
22569
14315
1226
1424
8780
11713
48373
9706
1596
24009
32291
38037
72
970
6339
3044
30270
16387
39793
652
283
6378
8730
21204
58858
18068
7328
2454
33176
52994
30062
14041
71069
44172
15389
10168
6317
57358
2038
35832
36793
10531
35657
32547
53978
7392
12623
48377
39666
13194
15298
39774
26092
6002
32942
82758
51745
48363
68560
18707
3467
42426
956
17447
55283
4590
2448
2055
6523
16931
64880
68453
1997
72663
9351
52710
65010
9
16287
42077
4783
16922
70662
13580
14160
7045
6139
67866
20856
9455
12020
38695
5141
8865
33522
15583
31999
725
21102
9286
17322
49023
33680
17023
8156
416
67496
3115
2756
532
30058
3019
50028
55272
19689
66231
23663
9708
35404
9589
4552
54505
637
15576
38238
19964
24436
15710
39883
22912
83884
27567
28396
22612
32341
83517
8917
691
203
22737
34281
52105
55542
47343
18005
721
16974
55430
34869
25109
7308
23736
33938
73874
42540
10067
69993
13827
7551
28375
11492
1066
16203
1750
69589
12174
24859
64342
35292
733
26543
27658
52766
49254
24977
61413
16499
72624
24479
4095
53497
10013
91081
19091
3152
47006
12146
29411
46217
12787
463
11754
5819
20799
35447
5540
5310
14995
52780
19052
37855
12917
14741
79346
44180
8409
1892
47392
9630
69590
13225
7679
7487
2781
23375
6535
23505
26510
76581
50376
86182
25041
73823
6710
36140
20022
13182
2928
23639
24639
35133
8737
18102
9799
47276
19074
51741
32488
3488
70830
395
10130
51849
40549
4816
21905
65449
13608
14458
12155
86481
4919
10073
7526
76360
7701
22928
28775
67897
44590
2557
24401
64111
25717
34045
36852
7897
30500
29156
2747
2255
3555
23604
65191
4524
17653
2492
15920
12132
3041
61157
153
3792
19067
4009
27465
11587
8789
83639
31781
34696
18699
90041
73276
2965
26719
5695
9795
10015
1378
24339
15404
50
33756
10778
3237
23578
38392
59343
2231
9190
32467
39731
13753
41522
7634
1807
4712
585
71171
38136
29352
90814
83
16508
1397
2425
33439
24092
33596
14338
1854
22751
32998
1414
36640
12494
1465
457
40216
6529
15560
34058
14332
50
59672
44458
2564
8155
43385
13803
47643
70540
43782
52777
55497
16226
2792
6222
27884
2882
221
7785
75464
30249
42172
42382
617
15080
1624
3733
1834
33289
62935
41949
11303
69183
8860
49555
48984
5517
28510
31284
4092
13822
758
4600
75060
19528
64907
69127
2205
68011
243
71061
6036
4272
57249
47750
42214
12437
34534
13214
18628
39187
15404
39871
13330
9326
13224
16336
10388
5061
22389
3623
17798
32957
17696
13595
65200
27026
17159
2418
62249
37362
23395
85730
63790
22504
82520
84613
20759
21860
692
6433
15049
38120
508
69218
31634
20169
0
1318
2584
6510
12899
2483
63160
74503
13410
8138
13262
4371
3609
12895
366
633
34568
75551
64578
16010
28796
26741
18977
65680
73597
54861
16337
5181
6700
595
15967
56058
19325
8652
36328
52191
8747
19612
8193
32193
18884
457
14709
20765
20538
35768
32092
42224
16886
7993
1378
81188
42864
1207
21517
53404
18418
2569
16414
1453
2574
42876
58078
3981
2558
3408
19299
20121
12868
49278
60645
81538
18945
17399
44106
8266
21
9406
46091
49962
14573
57204
32961
5387
131
22069
67243
78615
5023
60393
16455
64234
36873
97192
27674
11629
13412
70856
45876
47160
37090
41855
5119
595
7408
80017
696
7242
11678
8838
55255
704
9192
50179
40839
13364
8070
36340
4904
1864
2477
16068
40113
310
16423
6387
46648
62682
1335
24148
28757
7618
673
12329
70100
4103
538
91373
25651
2531
14587
32830
21899
82837
1792
35429
18105
94172
42275
84781
52529
24174
6306
11537
15140
17135
947
59970
6070
22583
14401
42920
53615
1383
8556
7656
76596
31096
11088
2030
41283
3980
9340
47012
63417
27991
32177
800
43643
26747
10022
8742
10817
243
21024
36670
3713
9357
50918
33941
1700
14100
29325
2970
11827
7131
37722
59028
4582
9767
5654
77347
29919
41636
13269
20727
7926
5598
78999
59
27025
37747
10163
28178
354
53415
13250
10479
61361
12237
48925
42950
1774
34531
36639
177
22379
10815
17283
11486
34449
27030
26237
28550
32801
8764
23245
27480
40588
86539
54472
30525
6437
26166
25875
30988
38455
17153
37610
14975
48787
1900
6887
20344
21702
54852
5040
62055
39887
15424
57365
610
34719
581
66903
46959
70805
20026
13892
49191
28138
7744
7888
4789
5622
1343
18693
67812
44585
3583
536
26343
35695
74150
33848
11890
39655
38070
11685
4963
29778
389
25701
4360
10153
2786
38040
713
4187
63937
6491
2676
21878
46092
37898
1687
4526
32980
39171
20638
13729
88620
26928
15824
29590
24424
13469
3253
11622
17249
1728
4369
6556
4428
4133
83270
25720
6327
29609
2183
4128
1018
18487
35688
54994
33498
26104
16471
4290
12376
67127
27098
2900
9710
68710
6914
2824
28387
51378
10522
8217
74832
27092
4299
4468
2486
527
27397
8482
9279
64495
34921
5196
1426
2300
46990
4925
65213
30719
54524
27034
6886
16546
28232
6659
57400
8283
68085
27576
45932
5009
2313
4462
20120
17774
51655
72028
8733
85206
11844
17741
28039
15618
84326
38888
2045
18355
16931
4586
31743
11493
14136
4659
10869
31141
33736
12607
2389
25519
845
1938
38392
18661
5885
9201
30929
23502
20214
17082
8120
1972
11255
15189
1890
3353
1922
1141
11675
3082
1830
1526
7521
36489
8079
5590
3656
54147
17512
3225
5065
1470
60381
68588
1121
42788
5009
17251
17288
1788
47807
22242
76803
15384
44062
3872
12633
14971
3868
11586
56092
23281
95582
18352
98794
14583
1479
3993
916
593
39467
20782
1537
13659
1250
65571
14331
7814
328
71848
45993
5779
2010
5573
17322
27454
22621
52032
10668
8603
67220
25210
1397
19126
11118
24166
14079
50617
20371
3961
29941
14664
21795
35182
25068
8313
2930
41576
1610
15831
17745
34332
47063
52896
5682
14488
5634
14174
4012
59554
25882
24684
21274
41704
45612
10069
60541
4291
31887
6753
37758
17574
17
30492
23265
49020
8108
26473
32557
42593
16733
2357
17424
3249
5723
5327
403
38321
47024
7757
1514
55316
38050
549
9600
16435
42630
21444
19600
2800
1265
63078
14802
21125
28690
68192
18266
7404
34458
9764
8543
2121
44777
32001
28896
1152
3940
622
59843
23658
47379
26053
5992
50730
56735
32578
21796
30922
26583
54383
6494
72496
936
76588
11511
9265
1730
79665
1544
36213
30047
20799
43247
5734
29404
3447
79428
890
3518
1466
2139
15956
9396
23486
51524
139
61209
6070
7016
94760
34766
4031
78549
5006
77160
1373
11511
5996
7669
8017
69603
25618
10979
418
47161
725
62989
35079
57656
45795
31400
640
59004
21547
21190
35988
9129
39621
8441
67784
2875
20230
14186
40317
7062
44106
2813
11867
3136
17793
6885
15579
62707
44511
23589
52718
44989
37567
22107
20815
9281
30413
32441
626
29085
25852
48406
40179
15645
38846
1587
42262
23519
22915
818
49769
14879
2837
23421
45724
544
65028
1188
11046
24831
38596
40362
2312
6135
10515
42462
54421
1726
8882
7372
7248
2298
60206
20201
21258
710
39233
83040
359
26913
6252
42616
3120
28278
11356
145
2547
576
1675
42448
19088
36045
18
17484
25046
50756
1753
89630
9278
66605
9656
16287
1230
7937
90359
2831
88833
11687
31559
51171
7765
26067
6407
5313
42190
18942
14237
20003
13430
5521
69
14661
8696
68264
8419
9157
45948
10158
4777
67194
26469
56518
52175
43537
20840
28540
12305
90312
93689
5899
4872
14230
29183
502
43244
15527
7328
26296
21891
33931
18659
50428
57586
8362
2410
41314
26417
22056
29595
61321
8908
41374
19176
13811
26237
33978
10691
44798
24069
68903
49382
24400
7981
70308
5122
12737
76451
8633
28074
5669
12707
16209
4106
43117
1870
22124
5738
74386
15986
55667
15237
11900
24506
26470
4558
9712
4920
842
15583
54078
12302
76
4544
7876
13902
18951
26218
30150
20863
46204
2587
29554
78280
12513
8467
27551
71954
16202
31842
18482
23617
48246
45931
14509
66233
33398
40907
70415
11468
3581
14685
34072
9396
6132
64131
57887
38276
10449
16839
29273
10564
82825
12507
58428
40999
18064
8999
45451
6355
91038
60579
4913
8783
52234
3398
1405
24494
35903
15047
1797
7967
31195
4858
21161
46009
686
50578
15563
5113
58582
47151
11747
15162
26570
54721
40096
8792
264
14746
1335
18509
59731
1495
13405
85394
26788
21313
64875
928
46254
2916
1555
9611
52876
22068
883
2846
29830
17427
2295
6553
87898
23401
11251
8956
14785
23529
11359
25777
56889
11294
65896
10984
51103
8594
29033
10697
19442
15254
22125
22808
11465
32993
32160
88220
797
2510
3131
32704
30408
37954
64341
42386
2314
33
22520
81878
28222
4778
138
61735
50885
3315
15734
10038
26447
9976
5528
20000
14087
6361
8823
47230
50870
29106
59362
142
9130
4057
13565
19934
41701
556
19673
3606
5075
47941
32111
16551
43048
6063
75689
67407
85846
6736
18891
14603
2219
37437
50522
26082
12784
30177
18992
22276
22387
52049
65968
43723
35079
29702
47538
3429
24884
5257
75164
56868
5450
20297
11084
32071
63192
7041
15675
6208
4573
1036
5502
15733
12746
71700
1148
76182
10943
40848
4169
15711
27868
6419
15974
19967
9903
974
2576
25665
41038
44063
43419
55812
2006
19097
43738
16414
18814
13518
4482
14959
71694
49648
969
56777
58397
27785
7553
37391
380
20168
2228
61665
33538
69439
1260
17665
64283
43326
40963
21500
3369
4665
77820
65713
11996
61085
11570
38519
33602
456
50353
58301
19542
38908
20111
42343
53406
2818
7907
33100
22176
257
87745
42102
14646
45923
68569
10866
6684
44382
54193
4778
39167
30195
37297
15938
13759
53639
10008
59581
6856
78813
52140
2957
8686
26754
23741
12702
41778
21761
16643
4798
11936
34714
936
20801
24112
5095
17426
1077
35321
8346
22744
11883
10359
63856
6347
8764
2596
13159
5050
56611
2496
16850
9336
4750
7210
28201
936
25520
3555
8594
13434
23752
18398
8175
1055
10405
77303
477
24987
5230
6870
17044
11359
13332
35009
22353
3387
12713
3561
41348
6927
17832
23773
15125
55290
18985
8796
14524
3376
37292
62783
14295
82678
1270
117
1245
48380
27834
902
76852
4276
40426
5129
23760
840
26382
1127
24656
33083
93590
65591
10283
3634
50047
18512
5275
581
10226
8990
18073
30124
40691
42023
30546
431
19682
50296
542
47597
5932
18769
21067
25683
10430
9
67343
1372
5191
20529
10050
16794
27555
43396
53574
6991
16620
25973
6658
80240
49445
10319
3797
59030
25338
10369
6740
6338
48912
1515
35425
4341
35656
2342
68394
7377
23697
34884
14744
37836
1741
25767
36716
14873
59901
10443
69969
49779
17586
67592
28477
516
18753
20047
19919
70
4589
2161
17045
12379
30482
8524
55765
52466
1059
6311
13501
47569
7486
14031
24103
10416
21430
25823
6054
1911
50063
17631
20660
70792
7853
1692
30433
26701
22748
21835
7878
10080
24245
10562
8929
56069
19331
33363
14273
22464
43328
39164
27899
2539
34902
15535
15512
37960
15733
4638
36529
903
41522
26079
38470
29339
12509
74405
23915
17216
25372
187
8390
36677
31835
36124
82068
20611
67497
74724
10874
9436
15899
354
2000
20484
10327
4667
15223
1646
34464
16757
6946
3128
36377
21472
9447
496
12570
46886
17325
35630
5721
22768
59983
40813
12340
1050
5339
6457
63291
20139
38979
20812
39622
3031
21754
26892
39203
3592
77468
1497
2811
68781
32037
28147
3250
9751
26885
17526
27378
11454
17423
3347
8675
6158
12323
51795
48842
12704
1212
9002
2157
26244
37268
6662
156
63907
14315
83286
37875
7166
890
37043
18500
1730
8217
14636
793
6718
7215
37112
31715
769
651
29338
41947
14745
13881
9822
3857
42816
66786
3733
60292
17974
2903
2670
872
27983
82619
28325
15853
31148
1385
5627
15007
344
68476
64124
11831
57985
15438
8936
5749
16652
1
21413
14381
75224
90
3073
6137
60748
2918
13922
3196
11337
66174
25590
591
1441
20113
17577
36812
20792
25401
45150
3954
22544
14605
15996
5346
27421
7803
11449
49547
12281
1649
51
486
578
17957
45504
41637
52655
1411
3710
622
11230
50609
36646
17219
26856
53812
10707
9597
1925
45737
29662
908
13677
43063
66108
5365
2677
15727
797
9314
22336
9322
37118
7443
26223
55195
819
17211
4402
43295
10353
54454
19957
369
13647
31340
9016
3503
12274
79
25338
58008
1606
18588
18538
7562
40200
6460
34219
52143
25572
5657
50210
33327
22763
16147
37199
11987
69620
41865
41585
2728
43860
9222
911
84486
5937
27131
3597
1639
30088
4696
6556
28175
14459
1269
7536
3870
18578
45469
34738
13301
18281
31982
21488
58024
42344
157
54232
3178
24753
1837
134
13265
21779
33878
12862
50338
26981
4293
13414
1724
7506
10026
955
560
2912
17980
2212
4966
41854
23789
55760
8932
71587
13540
72494
864
33744
9958
44058
7342
37117
50026
17922
26928
32169
11979
8357
47570
1508
62998
16630
4329
5064
32736
27211
30977
21209
77107
18755
5346
45450
71579
11187
18431
74254
22884
25898
40431
89712
54047
23584
5544
146
17372
2219
30375
8840
4102
61946
39710
8044
739
25213
66373
43384
21439
72372
76446
1951
15260
33803
47420
40863
47205
4379
8006
10075
11159
48774
22536
29806
49698
209
59582
64
11847
5266
10273
30671
146
62654
9030
74249
75707
14730
3735
76201
7299
69930
29271
40176
11618
2041
88
42022
55282
29113
90
12503
2991
1531
41254
38321
27230
1276
3735
39870
78667
60254
4094
64199
5926
5027
56748
1932
86358
73447
11151
45931
133
34286
31326
996
25394
43989
3180
1006
25680
9311
4595
31865
3015
38249
74574
11979
66044
3330
60194
60779
8654
4604
59572
53022
24679
13415
83765
4750
74945
13259
31893
76688
31254
34426
9987
24286
70615
4915
35385
3194
14772
24440
68600
6056
39202
9570
69420
10618
40078
73755
44038
29110
1583
39818
12516
2152
11575
33458
2131
852
23816
1093
9005
1483
47389
30202
36060
57452
10210
311
39504
13443
17456
25136
62638
23554
1667
20111
51746
68337
15394
29871
19123
8232
26613
3397
6425
98
8945
28971
34899
14412
45198
58772
87
2273
10118
22530
61281
12921
9547
925
1940
31341
20538
25235
71581
14849
7521
9787
14682
15361
26348
66085
21835
19515
4410
50115
16725
6925
7203
9653
55539
14340
58737
5245
2410
59199
16119
316
12560
17355
37211
62744
13084
15390
10640
70094
71074
32763
56
87
34926
58025
3161
13625
55088
2970
6091
43915
18706
38323
3936
36534
47852
33987
263
38820
24999
802
9632
3845
17530
210
64864
1092
71348
9653
14898
49891
27233
24505
26673
47598
55783
1029
78743
37744
37713
17776
73629
12166
9820
24284
41978
19857
27401
11915
43455
60517
16492
11945
23763
25407
18828
15041
50796
889
49896
28475
11734
27267
39743
1214
18810
52
3722
27650
57161
1770
37534
27555
66994
48493
3773
16292
31317
4832
64781
44383
2585
52330
25410
28288
47727
32691
49372
41525
7672
2514
8249
34754
29105
9570
55726
413
29944
55709
29486
38456
27715
15181
10629
5330
11456
3657
4802
12676
17365
664
7023
1032
26416
16013
1818
45121
6
53979
5612
32970
12946
23944
12938
23167
2206
39448
72862
4445
5528
52103
126
49074
62703
4826
86999
16334
9842
30096
12494
2919
36778
11131
36399
44914
6985
12736
33976
44462
48097
50702
18744
68359
25127
10948
10318
4989
74277
15935
6579
50160
23364
16991
39031
88209
60686
53865
60113
41
16896
3305
8827
16902
8963
10544
3664
9634
17097
3757
7906
36204
24751
2369
20792
55529
511
40290
14214
3182
11534
26674
29187
3528
1682
83473
6914
17052
52089
81013
12263
2083
3119
40622
2428
62810
17862
14277
24922
50381
18925
7179
10491
130
12929
9286
251
49303
12353
1648
9902
883
9424
9945
68173
43593
69296
36778
15025
34156
10946
45992
6092
13169
3423
43094
2520
9442
23525
50506
81778
17264
24654
5806
25484
9084
55450
25024
9886
21584
281
14153
127
32867
465
34652
342
59909
919
13172
19276
38502
45479
3787
11797
18083
708
56444
69362
2718
6376
4197
25891
55674
1172
309
3851
22029
64265
33838
32944
56758
36947
839
2166
12146
8724
1074
14218
52491
642
15378
920
62183
584
70930
19380
34328
39844
66609
37796
27900
27130
2089
4884
33013
44068
6786
21370
13840
22520
12500
30447
8360
8316
5613
42140
388
35005
2331
17441
73927
2707
14906
5486
11047
48177
3251
25939
19912
3609
31250
12812
4797
13858
67246
75553
58014
10576
71728
21172
35885
22659
1883
72377
280
14574
4223
23235
7875
58055
33639
15532
1182
130
24380
10610
40082
559
23918
81834
4480
45861
71108
2777
301
41417
36271
32033
11301
29428
24042
37923
31606
1704
68626
66877
29001
39104
65972
9165
56473
25132
4002
33029
3081
720
27964
12236
9835
36208
576
443
27650
13343
37772
1846
1610
48566
21533
21498
34311
19822
35134
2819
17247
5449
849
8102
21568
28484
50327
512
23937
40126
20415
60182
13546
24817
12096
6744
3065
2461
15461
8820
15649
11472
22747
7427
2488
77419
3468
6724
23222
8598
29602
14546
12243
14469
41639
5249
33271
884
32036
35719
14218
2089
21480
65594
4366
70982
10347
3796
11446
58197
14932
9823
10341
43547
11828
9051
26524
2442
14165
87649
21307
64467
5723
17730
9724
37468
20147
4283
16135
21375
5790
31183
13014
25778
24100
18959
86
21013
30578
1211
15587
12550
64160
51214
4315
22531
38462
6284
32144
44635
979
32954
10427
75
12208
1361
34016
251
34638
3433
12092
86220
76369
907
51709
2439
6329
30813
2542
45123
7028
536
10371
6770
49382
55259
30520
44129
29212
18514
75700
15491
25293
9514
4008
91710
63549
19649
26218
11154
70024
13529
2234
1930
55004
21498
4247
21899
360
61430
101
20928
16532
75676
670
67636
1143
76590
48887
77872
3339
16483
30111
21186
2489
18705
7706
31092
27022
3333
3695
22025
15309
62117
59277
56891
30341
28078
43401
25923
3475
16745
6928
9966
2629
90021
3534
7746
33540
11573
59242
32565
36937
48188
5414
40206
48264
13456
17521
70770
1602
77677
8940
26789
52814
15913
9044
9617
42701
145
4451
14086
28487
22115
12058
6064
16171
29077
6309
34423
80913
40717
43287
3521
51736
61952
7714
21171
511
10574
31852
28911
32681
32721
20004
64392
11753
24405
2468
51341
3404
5512
42365
2031
32609
5903
32160
46128
56024
2
56715
10189
42105
41346
75789
134
2623
10468
50234
5001
17444
1423
2935
3890
54736
11652
24005
39151
20701
3453
36776
48179
15748
14547
29597
12005
314
14576
6587
10602
13529
59908
18470
9798
23818
40517
29741
891
74880
32808
3338
63368
61009
735
16996
3818
26393
10040
15422
17483
67433
9976
36867
7823
49242
834
16110
54076
50876
58023
2172
30707
17991
8528
60781
52221
10985
2934
12802
60889
18628
4574
20876
56333
3580
4248
10798
15378
28964
9572
36408
2654
16970
69550
14449
23396
16340
16183
8059
77460
19081
415
49962
52456
3970
9723
474
10926
6259
38964
18277
8950
62762
13402
22864
71245
1346
28408
33140
82124
43207
3259
9985
7595
11679
17208
22457
40481
21108
21644
23922
31523
56498
5806
27082
39120
62434
79726
37930
3941
36641
19584
15021
11562
39623
23239
50744
28895
22002
45118
87682
48444
28514
9914
11102
12316
9407
11067
10115
59099
1170
10459
56003
12812
369
36138
7744
42221
55867
60686
12338
37425
39548
3128
13503
252
57956
43196
97354
19939
52601
10354
20595
53749
14675
33683
933
56972
43450
5009
3198
9
8054
4517
25668
11106
8187
12961
16614
4563
70023
46342
90148
493
38535
40707
18577
38589
32092
115
24352
33385
78080
4379
26818
46222
3424
26820
7648
54111
12605
42419
1640
864
92273
12581
7894
57259
9934
13745
43807
1326
54892
51760
12541
27392
43650
944
54663
15960
75815
6037
2865
40719
54895
25262
76932
3761
79256
36004
18309
16708
6356
45411
64012
10348
1692
61855
15147
41
53162
2602
15511
5541
49655
4994
5228
41617
77003
10195
55688
1983
25412
73875
20974
21186
9313
11969
20389
879
8513
14932
3115
8242
88623
40672
15096
65201
1590
33140
13633
36347
19558
77326
67907
38000
10074
15356
2252
43347
18591
54353
42060
42438
16796
49496
3353
56561
15507
7481
9131
49883
4257
23128
10128
28774
7686
17314
6649
6246
5205
26527
43235
8419
28318
18200
47652
29278
67
54951
8126
19353
36499
57723
24239
2434
1342
3428
3034
49791
1734
84406
28409
16955
325
218
24910
57190
13032
18976
36208
8803
3760
13359
29763
14703
51088
48440
56917
51686
40895
6644
36771
10511
64894
639
1098
2564
54502
11223
30618
25069
29925
12420
30654
16660
33
572
12594
66286
42801
7613
10459
63
21215
78769
15634
65723
19255
42002
50722
6500
8827
16893
42130
35891
75134
46518
8037
54791
59619
717
9846
2652
14980
58155
10632
15728
33617
23374
20761
50216
3704
8674
61091
54918
55503
66302
60709
676
38639
865
8858
47035
23105
6670
16129
56515
2933
67842
3654
66745
14344
27673
18537
2964
3431
9692
5636
20205
12452
23038
72728
31015
92097
14157
8225
64610
14472
15070
3721
28209
16668
3146
62770
24368
4885
8608
14526
13956
35478
3096
8230
43868
17077
381
8390
10056
64795
71249
31725
13841
16816
20698
85659
29572
3605
5704
22503
4781
34846
43823
64537
8048
19959
3953
11617
65215
31663
43312
3725
15152
3205
13798
19085
14408
2113
72493
14868
58395
43702
33860
5964
38036
3783
3341
54302
2245
76356
26720
13884
30189
21481
39151
3600
50806
10051
19014
31084
39303
11590
647
11009
27593
1754
13007
20361
1062
24210
29734
72589
90579
9254
38273
3207
32003
11784
10173
49727
42249
48987
17659
10474
6027
16343
66828
1778
44407
43529
22254
80088
2612
5063
36785
61149
46011
7296
369
34933
67643
36369
28429
32752
5426
62359
6148
70000
39943
36029
40181
2131
15676
7119
41018
3261
25418
16267
49818
10093
67452
51111
4840
37086
19737
11562
4116
67013
35494
20609
4116
32477
25317
54856
22068
35636
8833
21389
57770
19829
50490
48152
24270
24101
53093
9289
9431
6001
40820
21826
10495
12195
10830
22889
4861
39011
23442
2189
12730
4821
12116
40339
6080
10406
60000
23984
1568
17420
7891
7670
55576
65218
4045
3289
60651
48437
79
22698
27181
37389
5222
7597
58685
12625
3377
6700
54262
25036
15883
63508
6300
3343
9400
9752
9125
3661
11833
22472
10390
17246
36270
3928
19432
15021
29001
68282
46126
29577
36813
3017
10819
13576
1198
927
1339
10932
42842
19360
35722
11293
6555
3226
4973
25822
501
89464
7168
9261
1517
3132
3235
72757
15306
38571
748
12686
16892
11061
760
6187
59695
53271
1074
3631
48229
5466
22951
10548
15885
7659
34693
9217
224
44391
11176
44492
35573
41084
6340
30079
38130
46144
7634
15838
14920
25144
3684
1738
27178
1308
38377
18665
378
39809
8734
8841
62442
21023
17420
22928
6514
34205
8403
5472
27371
22493
64105
31664
20818
96576
32840
87561
17931
16093
28787
138
5760
1319
19792
10315
3935
7629
36920
53440
39663
6612
36789
3062
7936
5883
35389
39245
37912
59480
58638
28810
38932
58106
10396
12342
6188
12991
5797
12969
69059
5486
85336
25813
8527
74573
41299
70873
48735
11892
22298
15897
8341
1200
85627
22506
24589
40786
16179
1063
6943
717
335
77219
6120
7348
19531
30457
57026
653
3791
20979
14899
48126
24434
125
3459
8625
3558
7012
27470
45578
5830
15592
19091
85
26481
28742
24
10202
24944
6777
17135
37094
28085
18819
24596
53603
3259
41984
1409
24821
35022
519
20373
40897
25926
10328
16092
39049
3423
39676
1954
8060
10941
2124
34887
21278
19300
18437
16211
62794
2243
6383
79284
53
31037
30101
63773
9148
15200
50878
34386
9309
38556
9283
54009
14658
49039
18471
39963
39704
72975
3100
3254
25497
34878
6753
33996
1596
27132
649
39277
38062
1813
17214
56967
18138
48535
1242
16336
29393
11172
22672
31274
3956
14266
15312
27
55252
12
92089
9624
33719
44057
55400
30002
12648
921
6364
16765
46483
32870
66385
9536
59975
16503
5069
77089
26994
22667
25967
4187
71651
1528
905
1729
10490
8664
6675
5504
979
15976
20164
75930
52694
38358
7729
27578
7284
51093
45725
15638
7250
44936
65225
2424
10967
38706
43645
24175
57825
78101
54078
20715
59621
7239
16425
5545
6983
828
69619
22289
29398
30574
4596
6048
34860
54721
18018
51070
4596
2872
31785
18489
2723
38506
45617
45744
21329
3554
74726
10092
8777
27431
537
25148
66735
32551
6507
41877
8367
6160
15720
27599
64269
60789
46326
64467
32668
54119
24518
1106
954
56536
4557
3530
33445
28673
3735
21174
20262
35033
3351
53634
19612
13598
11360
10356
1324
30212
15092
8871
18863
38685
36445
91942
3223
292
4259
63604
26644
14103
44176
53991
20
8449
9800
19401
3154
4663
11560
17506
596
2677
26391
13427
13163
16413
8563
50232
3294
3910
62716
4033
25665
42464
762
51875
27646
57419
7875
4201
15888
36780
73561
38698
23148
4467
39009
27307
55949
36906
5658
15440
18033
5282
21018
60463
7853
14627
2517
59296
52058
58231
1525
2640
18909
5499
27160
53103
9811
35463
39612
42232
13284
15527
5040
69017
24282
5587
13044
7977
30415
14800
38984
40533
21423
1351
9718
1829
6889
39759
9442
291
115
1054
8127
5174
17871
4823
155
11840
12720
26648
29595
9049
30328
1542
47877
45503
30785
72204
24380
10702
3725
6779
2372
19066
15655
28
9329
22322
33197
19306
12772
31049
4215
7293
9228
59169
8171
30502
48021
12962
695
24807
28071
1276
53632
22509
29
22497
55733
42357
39777
2473
40101
9470
66767
24433
7799
44428
52396
12636
15276
9665
25374
39055
25602
21870
56718
29118
71194
78834
7618
17505
17283
2372
15707
524
905
873
19115
20722
47548
18774
2698
16585
59567
16351
25481
29519
16589
32556
195
19481
7584
22463
36815
43789
942
57890
32687
53032
54729
15208
7086
1763
4842
37582
17438
15130
5883
11632
30791
25844
15598
1516
2623
41808
26482
24125
312
10
29866
54017
6474
38326
36075
27287
28914
18237
78163
23488
23234
3516
6312
75104
924
26089
24020
11039
4070
53177
35446
54241
50225
59541
41263
813
8950
657
49053
45
21658
10583
73870
6974
29345
19399
30623
2233
42340
11983
39806
46317
37770
17035
55188
83143
21113
12408
27914
50684
1505
1195
14183
35551
38700
33604
14106
7319
28215
6091
2765
51610
50104
13039
64338
9785
1911
10472
14850
10877
48237
79679
62242
24767
52043
47549
3278
4665
57306
1307
66468
13103
71039
38319
13201
269
9174
19772
1393
61705
6659
10644
28878
81357
56040
42609
9681
39269
15889
12980
21212
2472
30504
21924
46870
15690
15093
45181
18201
30247
22715
994
3124
22615
394
422
67557
13760
7708
33963
42307
82498
54817
87
1955
18987
1452
59888
52332
12296
1195
6099
17060
11140
3268
36192
3656
249
15315
4515
9200
15750
14714
13847
43133
60331
37346
17980
520
22390
36917
1008
10470
48424
3903
12927
28545
25823
54330
67100
4123
297
55063
4392
28471
10395
76687
28152
32600
286
40217
28516
39386
58009
56516
48773
53908
761
45220
57051
69106
47480
25841
51720
14378
2283
10813
1820
62907
11814
10411
55392
57
31110
35473
28182
162
90365
8790
2506
12149
4731
7344
28972
7562
24099
82040
64032
26613
83834
36893
962
12845
42719
24808
67913
28887
49175
46899
1215
11678
10848
24614
41219
31071
4746
230
54448
11921
22104
10421
7129
23976
14646
12582
12995
4191
1566
13140
18268
12878
39494
13150
1052
47771
1874
29902
26064
13998
10356
46551
1967
32727
14069
16493
46093
18860
37701
163
23270
52555
1232
29153
885
89
11498
25443
65882
8202
923
74779
4828
21699
13722
22466
1836
41762
3918
77255
36008
23915
60683
9360
3496
32379
54870
89595
6574
25193
11172
50707
16442
4051
228
14035
33565
5375
6652
27630
7594
31112
22231
10568
43891
3403
16826
30376
55616
33848
57390
50136
8209
38430
5756
456
6810
21947
3542
47449
8067
11570
3430
32
14587
5492
18337
10840
4492
8411
27915
51920
16711
17424
11754
17330
380
66467
11357
37785
14099
34506
41674
4270
38292
34608
96471
48895
5084
34239
678
199
57530
73385
58973
4681
4147
29592
36721
328
2742
72150
3200
59331
11096
25450
17595
254
10094
13642
22398
62717
36549
30843
13647
53988
563
