50000 88
1 87 40459 762408743
2 409 
2 893 
1 1543 3961 469505475
2 1633 
1 1901 37390 274962483
1 2310 15474 73739029
1 3050 25441 306900320
1 4037 37638 262123761
2 6199 
2 7292 
1 7736 29970 829426668
1 11883 8421 797082661
2 20117 
1 21693 18581 56166085
2 22958 
2 26572 
1 39688 17137 124104234
1 50590 22296 325677654
1 53314 20187 345911860
2 77417 
1 77758 14482 990096371
2 106946 
1 148182 26715 475874078
1 179248 40162 425561631
2 271640 
2 308542 
2 313848 
1 325112 8130 647857676
1 543999 40796 411762895
2 549072 
2 670706 
1 685822 4646 943714515
1 718255 4560 741847511
2 747388 
2 947281 
2 1166664 
1 1281304 42660 769924648
2 1370779 
1 1889889 2068 186516059
2 2101315 
1 3962948 18062 528029662
1 5001236 44853 739138358
1 9735856 21090 154559410
1 16412643 8565 406338668
1 28148999 16532 425223533
1 40529425 48180 361653989
2 44615712 
2 54032329 
2 59858834 
2 87806222 
1 116776678 12554 284604053
2 155680601 
1 163660866 5758 138513500
1 173655241 41399 943062439
2 249447332 
1 250037374 22504 734436878
1 382352173 40866 393102298
1 557726959 40652 692628856
1 835285311 11748 277481591
1 845770045 35644 49326172
1 901034291 20637 273736521
1 993168806 21789 534165655
1 993915366 30978 348084146
1 995224490 21023 320067609
1 995783667 19906 185581783
2 998630531 
1 998775481 48779 144938738
2 998836160 
1 999433530 11506 937460154
2 999492945 
2 999890660 
2 999981906 
1 999983520 13241 164704714
1 999997429 24546 10231471
2 999998674 
2 999999347 
1 999999550 12911 680990185
2 999999643 
1 999999695 29727 192241017
2 999999857 
2 999999987 
1 999999994 47124 723496376
2 1000000000 
1 1000000000 25574 230833128
2 1000000000 
2 1000000000 
1 1000000000 11888 235377430
